0.990 0.006 0.004 
0.927 0.063 0.010 
0.867 0.106 0.028 
0.871 0.085 0.044 
0.816 0.111 0.072 
0.764 0.146 0.090 
0.754 0.162 0.084 
0.694 0.233 0.073 
0.530 0.369 0.100 
0.449 0.414 0.137 
0.339 0.386 0.274 
0.318 0.285 0.396 
0.352 0.100 0.548 
0.399 0.033 0.568 
0.108 0.001 0.891 
0.024 0.000 0.975 
0.036 0.000 0.963 
0.260 0.003 0.737 
0.842 0.008 0.151 
0.940 0.008 0.052 
0.913 0.032 0.055 
0.937 0.016 0.047 
0.662 0.018 0.321 
0.255 0.001 0.744 
0.008 0.000 0.992 
0.002 0.000 0.998 
0.007 0.000 0.993 
0.211 0.000 0.788 
0.809 0.002 0.190 
0.908 0.003 0.089 
0.966 0.006 0.028 
0.968 0.010 0.022 
0.937 0.003 0.060 
0.952 0.005 0.043 
0.086 0.914 0.000 
0.045 0.955 0.000 
0.018 0.982 0.000 
0.059 0.941 0.000 
0.337 0.663 0.000 
0.488 0.511 0.000 
0.441 0.558 0.001 
0.064 0.936 0.000 
0.038 0.962 0.000 
0.058 0.942 0.000 
0.230 0.769 0.000 
0.618 0.366 0.016 
0.772 0.220 0.008 
0.870 0.108 0.022 
0.649 0.005 0.346 
0.155 0.000 0.845 
0.003 0.000 0.997 
0.001 0.000 0.999 
0.011 0.000 0.989 
0.216 0.000 0.784 
0.557 0.002 0.441 
0.896 0.004 0.100 
0.957 0.005 0.037 
0.963 0.012 0.026 
0.931 0.011 0.058 
0.931 0.032 0.037 
0.962 0.015 0.023 
0.976 0.001 0.023 
0.993 0.002 0.005 
0.421 0.578 0.001 
0.433 0.566 0.001 
0.422 0.576 0.001 
0.924 0.056 0.019 
0.984 0.005 0.011 
0.278 0.722 0.000 
0.254 0.746 0.001 
0.232 0.767 0.001 
0.428 0.569 0.004 
0.906 0.080 0.014 
0.955 0.017 0.028 
0.050 0.950 0.000 
0.015 0.985 0.000 
0.009 0.991 0.000 
0.008 0.992 0.000 
0.004 0.996 0.000 
0.004 0.996 0.000 
0.002 0.998 0.000 
0.001 0.999 0.000 
0.001 0.999 0.000 
0.001 0.999 0.000 
0.002 0.998 0.000 
0.003 0.997 0.000 
0.023 0.977 0.000 
0.101 0.899 0.000 
0.517 0.482 0.001 
0.996 0.004 0.001 
0.987 0.002 0.011 
0.963 0.008 0.029 
0.568 0.017 0.415 
0.070 0.000 0.930 
0.004 0.000 0.996 
0.002 0.000 0.998 
0.011 0.000 0.989 
0.123 0.000 0.877 
0.455 0.009 0.536 
0.845 0.095 0.060 
0.046 0.954 0.000 
0.029 0.971 0.000 
0.007 0.993 0.000 
0.002 0.998 0.000 
0.002 0.998 0.000 
0.001 0.999 0.000 
0.001 0.999 0.000 
0.001 0.999 0.000 
0.001 0.999 0.000 
0.003 0.997 0.000 
0.037 0.963 0.000 
0.155 0.845 0.000 
0.990 0.009 0.001 
0.804 0.195 0.001 
0.715 0.283 0.003 
0.603 0.388 0.009 
0.317 0.000 0.683 
0.250 0.000 0.750 
0.015 0.000 0.985 
0.002 0.000 0.998 
0.001 0.000 0.999 
0.014 0.000 0.986 
0.206 0.000 0.794 
0.847 0.003 0.150 
0.950 0.006 0.043 
0.899 0.082 0.019 
0.558 0.424 0.018 
0.516 0.453 0.031 
0.553 0.424 0.023 
0.806 0.175 0.019 
0.961 0.032 0.007 
0.937 0.055 0.008 
0.398 0.601 0.001 
0.375 0.623 0.002 
0.334 0.656 0.010 
0.451 0.519 0.030 
0.772 0.212 0.016 
0.772 0.206 0.022 
0.535 0.389 0.076 
0.400 0.546 0.054 
0.092 0.908 0.001 
0.062 0.937 0.000 
0.059 0.940 0.000 
0.033 0.967 0.000 
0.036 0.964 0.000 
0.029 0.971 0.000 
0.031 0.969 0.000 
0.037 0.963 0.000 
0.075 0.925 0.000 
0.116 0.883 0.000 
0.106 0.894 0.000 
0.177 0.823 0.000 
0.232 0.768 0.000 
0.403 0.596 0.001 
0.117 0.883 0.000 
0.070 0.930 0.000 
0.093 0.907 0.000 
0.128 0.872 0.000 
0.371 0.626 0.003 
0.583 0.412 0.005 
0.704 0.293 0.003 
0.716 0.281 0.003 
0.098 0.902 0.000 
0.047 0.953 0.000 
0.022 0.978 0.000 
0.035 0.965 0.000 
0.168 0.832 0.001 
0.566 0.430 0.005 
0.937 0.059 0.004 
0.912 0.082 0.006 
0.849 0.147 0.005 
0.844 0.154 0.002 
0.626 0.372 0.003 
0.123 0.877 0.000 
0.040 0.960 0.000 
0.011 0.989 0.000 
0.005 0.995 0.000 
0.004 0.996 0.000 
0.004 0.996 0.000 
0.007 0.993 0.000 
0.013 0.987 0.000 
0.027 0.973 0.000 
0.059 0.941 0.000 
0.333 0.665 0.001 
0.687 0.310 0.003 
0.996 0.002 0.002 
0.999 0.001 0.000 
0.089 0.911 0.000 
0.063 0.937 0.000 
0.014 0.986 0.000 
0.006 0.994 0.000 
0.005 0.995 0.000 
0.005 0.995 0.000 
0.002 0.998 0.000 
0.001 0.999 0.000 
0.004 0.996 0.000 
0.010 0.990 0.000 
0.066 0.934 0.000 
0.349 0.650 0.001 
0.752 0.243 0.005 
0.942 0.039 0.018 
0.953 0.024 0.023 
0.784 0.211 0.005 
0.204 0.796 0.000 
0.197 0.803 0.000 
0.138 0.862 0.000 
0.188 0.812 0.000 
0.551 0.445 0.004 
0.731 0.266 0.003 
0.987 0.001 0.012 
0.992 0.000 0.008 
0.989 0.000 0.011 
0.981 0.000 0.018 
0.022 0.000 0.978 
0.001 0.000 0.999 
0.001 0.000 0.999 
0.006 0.000 0.994 
0.106 0.000 0.894 
0.498 0.001 0.501 
0.942 0.003 0.055 
0.969 0.004 0.027 
0.981 0.003 0.016 
0.991 0.005 0.004 
0.994 0.002 0.004 
0.994 0.000 0.006 
0.999 0.000 0.001 
0.058 0.942 0.000 
0.020 0.980 0.000 
0.002 0.998 0.000 
0.001 0.999 0.000 
0.001 0.999 0.000 
0.001 0.999 0.000 
0.001 0.999 0.000 
0.007 0.993 0.000 
0.052 0.948 0.000 
0.223 0.777 0.000 
0.832 0.154 0.014 
0.962 0.023 0.015 
0.980 0.011 0.009 
0.938 0.017 0.045 
0.748 0.016 0.236 
0.111 0.001 0.888 
0.009 0.000 0.991 
0.005 0.000 0.994 
0.026 0.000 0.974 
0.381 0.001 0.617 
0.886 0.014 0.100 
0.924 0.031 0.044 
0.882 0.024 0.094 
0.850 0.023 0.127 
0.930 0.017 0.053 
0.961 0.035 0.004 
0.075 0.925 0.000 
0.051 0.949 0.000 
0.054 0.946 0.000 
0.182 0.818 0.000 
0.996 0.004 0.000 
0.057 0.943 0.000 
0.043 0.957 0.000 
0.040 0.960 0.000 
0.053 0.947 0.000 
0.006 0.994 0.000 
0.002 0.998 0.000 
0.001 0.999 0.000 
0.000 1.000 0.000 
0.001 0.999 0.000 
0.003 0.997 0.000 
0.009 0.991 0.000 
0.040 0.960 0.000 
0.153 0.846 0.000 
0.271 0.729 0.000 
0.443 0.554 0.003 
0.577 0.413 0.010 
0.716 0.271 0.013 
0.919 0.077 0.004 
0.996 0.004 0.000 
