0.995 0.000 0.005 
0.989 0.008 0.003 
0.975 0.017 0.009 
0.912 0.032 0.056 
0.871 0.035 0.095 
0.874 0.029 0.097 
0.905 0.013 0.083 
0.962 0.003 0.035 
0.952 0.036 0.012 
0.901 0.065 0.034 
0.895 0.042 0.063 
0.379 0.009 0.612 
0.048 0.000 0.952 
0.007 0.000 0.993 
0.007 0.000 0.993 
0.004 0.000 0.996 
0.005 0.000 0.995 
0.014 0.000 0.986 
0.145 0.000 0.855 
0.838 0.001 0.162 
0.977 0.000 0.023 
0.997 0.000 0.003 
0.026 0.974 0.000 
0.017 0.983 0.000 
0.005 0.995 0.000 
0.002 0.998 0.000 
0.001 0.999 0.000 
0.002 0.998 0.000 
0.006 0.994 0.000 
0.064 0.936 0.000 
0.304 0.696 0.000 
0.999 0.001 0.000 
0.114 0.886 0.000 
0.123 0.877 0.000 
0.073 0.927 0.000 
0.029 0.971 0.000 
0.034 0.966 0.000 
0.057 0.943 0.000 
0.138 0.861 0.001 
0.339 0.657 0.004 
0.778 0.014 0.208 
0.260 0.002 0.739 
0.437 0.002 0.561 
0.715 0.002 0.283 
0.817 0.002 0.182 
0.937 0.001 0.062 
0.908 0.001 0.091 
0.366 0.001 0.633 
0.886 0.001 0.114 
0.975 0.001 0.024 
0.906 0.001 0.093 
0.153 0.000 0.846 
0.009 0.000 0.991 
0.004 0.000 0.996 
0.005 0.000 0.995 
0.016 0.000 0.984 
0.212 0.002 0.787 
0.920 0.010 0.070 
0.976 0.014 0.010 
0.903 0.010 0.086 
0.682 0.005 0.313 
0.144 0.001 0.855 
0.046 0.000 0.954 
0.049 0.000 0.951 
0.025 0.000 0.975 
0.006 0.000 0.994 
0.003 0.000 0.997 
0.005 0.000 0.995 
0.003 0.000 0.997 
0.004 0.000 0.996 
0.050 0.000 0.950 
0.452 0.009 0.539 
0.898 0.043 0.059 
0.911 0.026 0.063 
0.105 0.001 0.895 
0.014 0.000 0.986 
0.003 0.000 0.997 
0.002 0.000 0.998 
0.003 0.000 0.997 
0.031 0.000 0.969 
0.140 0.001 0.859 
0.454 0.016 0.531 
0.808 0.030 0.161 
0.913 0.022 0.065 
0.914 0.013 0.073 
0.911 0.005 0.084 
0.896 0.010 0.095 
0.574 0.013 0.413 
0.170 0.001 0.829 
0.020 0.000 0.980 
0.004 0.000 0.996 
0.003 0.000 0.997 
0.002 0.000 0.998 
0.001 0.000 0.999 
0.005 0.000 0.995 
0.014 0.000 0.986 
0.157 0.000 0.843 
0.624 0.004 0.372 
0.982 0.003 0.016 
0.981 0.004 0.015 
0.321 0.002 0.677 
0.033 0.000 0.967 
0.004 0.000 0.996 
0.002 0.000 0.998 
0.001 0.000 0.999 
0.002 0.000 0.998 
0.003 0.000 0.997 
0.021 0.000 0.979 
0.138 0.000 0.862 
0.665 0.002 0.333 
0.956 0.005 0.039 
0.978 0.011 0.011 
0.977 0.012 0.011 
0.914 0.083 0.003 
0.649 0.349 0.001 
0.407 0.592 0.001 
0.187 0.812 0.000 
0.079 0.921 0.000 
0.052 0.948 0.000 
0.066 0.934 0.000 
0.098 0.902 0.000 
0.114 0.886 0.000 
0.130 0.870 0.000 
0.125 0.875 0.000 
0.028 0.972 0.000 
0.019 0.981 0.000 
0.015 0.985 0.000 
0.017 0.983 0.000 
0.007 0.993 0.000 
0.009 0.991 0.000 
0.005 0.995 0.000 
0.001 0.999 0.000 
0.001 0.999 0.000 
0.001 0.999 0.000 
0.001 0.999 0.000 
0.003 0.997 0.000 
0.043 0.957 0.000 
0.438 0.562 0.000 
0.998 0.002 0.001 
0.996 0.000 0.004 
0.996 0.002 0.002 
0.971 0.015 0.014 
0.930 0.048 0.022 
0.806 0.142 0.052 
0.749 0.174 0.077 
0.431 0.480 0.089 
0.356 0.444 0.201 
0.305 0.375 0.320 
0.385 0.155 0.459 
0.695 0.087 0.217 
0.824 0.062 0.114 
0.832 0.077 0.092 
0.728 0.060 0.212 
0.565 0.025 0.410 
0.493 0.011 0.495 
0.874 0.002 0.124 
0.969 0.007 0.025 
0.918 0.072 0.009 
0.800 0.174 0.025 
0.675 0.253 0.073 
0.506 0.286 0.208 
0.502 0.255 0.243 
0.453 0.364 0.183 
0.500 0.353 0.146 
0.663 0.287 0.051 
0.351 0.640 0.009 
0.221 0.767 0.012 
0.160 0.785 0.054 
0.153 0.678 0.169 
0.176 0.529 0.296 
0.212 0.460 0.328 
0.228 0.431 0.341 
0.272 0.415 0.312 
0.326 0.392 0.282 
0.320 0.338 0.341 
0.497 0.273 0.230 
0.610 0.230 0.160 
0.731 0.166 0.103 
0.796 0.096 0.108 
0.837 0.038 0.125 
0.846 0.024 0.130 
0.894 0.032 0.074 
0.761 0.030 0.209 
0.544 0.020 0.436 
0.240 0.004 0.756 
0.166 0.001 0.833 
0.069 0.000 0.931 
0.087 0.000 0.912 
0.611 0.005 0.384 
0.977 0.005 0.018 
0.980 0.002 0.018 
0.633 0.005 0.362 
0.511 0.004 0.485 
0.074 0.001 0.926 
0.034 0.000 0.965 
0.031 0.000 0.969 
0.013 0.000 0.987 
0.008 0.000 0.992 
0.007 0.000 0.993 
0.012 0.000 0.988 
0.019 0.000 0.981 
0.161 0.001 0.837 
0.742 0.008 0.250 
0.868 0.018 0.114 
0.838 0.099 0.063 
0.758 0.095 0.146 
0.669 0.043 0.288 
0.607 0.015 0.378 
0.390 0.005 0.604 
0.085 0.001 0.914 
0.013 0.000 0.987 
0.017 0.000 0.983 
0.098 0.000 0.902 
0.374 0.002 0.624 
0.738 0.002 0.260 
0.940 0.009 0.050 
0.947 0.016 0.037 
0.848 0.024 0.128 
0.738 0.022 0.239 
0.581 0.020 0.399 
0.262 0.007 0.731 
0.078 0.001 0.920 
0.030 0.001 0.969 
0.020 0.000 0.979 
0.009 0.000 0.991 
0.004 0.000 0.996 
0.005 0.000 0.995 
0.033 0.000 0.966 
0.106 0.001 0.893 
0.408 0.008 0.584 
0.730 0.066 0.203 
0.844 0.073 0.083 
0.847 0.046 0.107 
0.719 0.031 0.250 
0.374 0.011 0.616 
0.061 0.001 0.938 
0.022 0.000 0.978 
0.012 0.000 0.988 
0.014 0.000 0.986 
0.065 0.002 0.934 
0.336 0.012 0.652 
0.585 0.037 0.378 
0.833 0.102 0.065 
0.526 0.361 0.113 
0.515 0.371 0.114 
0.619 0.288 0.093 
0.679 0.124 0.197 
0.831 0.059 0.110 
0.652 0.329 0.019 
0.591 0.402 0.007 
0.543 0.451 0.006 
0.462 0.521 0.017 
0.542 0.439 0.019 
0.427 0.539 0.034 
0.412 0.508 0.080 
0.356 0.425 0.219 
0.295 0.430 0.275 
0.281 0.412 0.306 
0.266 0.426 0.308 
0.276 0.436 0.288 
0.244 0.432 0.325 
0.264 0.432 0.304 
0.274 0.440 0.287 
0.287 0.407 0.306 
0.097 0.876 0.027 
0.043 0.941 0.016 
0.026 0.964 0.011 
0.017 0.978 0.005 
0.014 0.984 0.002 
0.037 0.961 0.002 
0.035 0.965 0.001 
0.031 0.968 0.000 
0.036 0.963 0.001 
0.048 0.951 0.002 
0.139 0.859 0.002 
0.275 0.715 0.010 
0.438 0.547 0.015 
0.554 0.404 0.042 
0.738 0.229 0.033 
0.797 0.174 0.029 
0.872 0.050 0.079 
0.985 0.000 0.015 
0.999 0.000 0.000 
