0.00000000000000000000e+00	1.09896063804626464844e-06	8.88947397470474243164e-07	1.04634091258049011230e-06	1.15763396024703979492e-06	8.46106559038162231445e-07	8.89878720045089721680e-07	9.00123268365859985352e-07	5.65312802791595458984e-07	1.08126550912857055664e-06	5.65312802791595458984e-07	9.79751348495483398438e-07	9.82545316219329833984e-07	1.29872933030128479004e-06	9.79751348495483398438e-07	9.79751348495483398438e-07	9.79751348495483398438e-07	8.16769897937774658203e-07	5.13158738613128662109e-07	1.02911144495010375977e-06	1.32713466882705688477e-06	1.10082328319549560547e-06	1.10082328319549560547e-06	9.56468284130096435547e-07	1.02911144495010375977e-06	1.02445483207702636719e-06	1.10128894448280334473e-06	8.13975930213928222656e-07	6.15604221820831298828e-07	8.95932316780090332031e-07	8.95932316780090332031e-07	8.95932316780090332031e-07	1.10315158963203430176e-06	7.53905624151229858398e-07	9.12230461835861206055e-07	1.28475949168205261230e-06	1.11944973468780517578e-06	1.11944973468780517578e-06	9.71369445323944091797e-07	8.37258994579315185547e-07	1.14040449261665344238e-06	5.09899109601974487305e-07	1.30943953990936279297e-06	1.00350007414817810059e-06	1.31875276565551757812e-06	1.05239450931549072266e-06	8.71252268552780151367e-07	1.11758708953857421875e-06	6.90575689077377319336e-07	1.13667920231819152832e-06	6.35161995887756347656e-07	1.10501423478126525879e-06	1.04540959000587463379e-06	1.30897387862205505371e-06	1.11619010567665100098e-06	9.97446477413177490234e-07	1.04308128356933593750e-06	1.21677294373512268066e-06	1.06915831565856933594e-06	9.46223735809326171875e-07	1.09616667032241821289e-06	6.34696334600448608398e-07	4.60539013147354125977e-07	6.00703060626983642578e-07	1.13574787974357604980e-06	1.05379149317741394043e-06	1.05379149317741394043e-06	1.06310471892356872559e-06	8.74511897563934326172e-07	1.42538920044898986816e-06	5.99771738052368164062e-07	8.03265720605850219727e-07	9.86736267805099487305e-07	9.70903784036636352539e-07	1.05099752545356750488e-06	1.15251168608665466309e-06	5.45289367437362670898e-07	6.23520463705062866211e-07	1.06263905763626098633e-06	1.03702768683433532715e-06	5.85801899433135986328e-07	1.36205926537513732910e-06	1.12177804112434387207e-06	5.85801899433135986328e-07	1.36392191052436828613e-06	5.82076609134674072266e-07	3.84636223316192626953e-07	8.01403075456619262695e-07	
1.09896063804626464844e-06	0.00000000000000000000e+00	1.01886689662933349609e-06	6.62170350551605224609e-07	9.63453203439712524414e-07	9.70903784036636352539e-07	7.06873834133148193359e-07	1.12038105726242065430e-06	8.27014446258544921875e-07	1.09570100903511047363e-06	8.27014446258544921875e-07	8.94069671630859375000e-07	1.22142955660820007324e-06	1.25914812088012695312e-06	8.94069671630859375000e-07	8.94069671630859375000e-07	8.94069671630859375000e-07	8.76374542713165283203e-07	1.19768083095550537109e-06	1.06915831565856933594e-06	1.25356018543243408203e-06	1.37742608785629272461e-06	1.37742608785629272461e-06	8.15838575363159179688e-07	1.06915831565856933594e-06	1.08359381556510925293e-06	1.37835741043090820312e-06	8.74511897563934326172e-07	9.77423042058944702148e-07	1.12550333142280578613e-06	1.12550333142280578613e-06	1.12550333142280578613e-06	1.18603929877281188965e-06	1.17905437946319580078e-06	7.64615833759307861328e-07	9.63453203439712524414e-07	9.95118170976638793945e-07	9.95118170976638793945e-07	9.42964106798171997070e-07	9.90461558103561401367e-07	1.10408291220664978027e-06	1.03376805782318115234e-06	1.29640102386474609375e-06	1.17486342787742614746e-06	9.92324203252792358398e-07	1.37370079755783081055e-06	2.79862433671951293945e-07	1.15111470222473144531e-06	1.05286017060279846191e-06	1.02072954177856445312e-06	8.61473381519317626953e-07	1.34622678160667419434e-06	9.82079654932022094727e-07	9.97446477413177490234e-07	1.16927549242973327637e-06	9.42498445510864257812e-07	1.17020681500434875488e-06	1.24471262097358703613e-06	8.13510268926620483398e-07	1.36950984597206115723e-06	1.25821679830551147461e-06	9.04779881238937377930e-07	9.99774783849716186523e-07	9.62987542152404785156e-07	1.13667920231819152832e-06	7.33882188796997070312e-07	7.33882188796997070312e-07	7.32019543647766113281e-07	1.33877620100975036621e-06	1.10222026705741882324e-06	1.04680657386779785156e-06	9.60193574428558349609e-07	7.54836946725845336914e-07	1.32294371724128723145e-06	9.26665961742401123047e-07	1.32899731397628784180e-06	1.01234763860702514648e-06	7.05476850271224975586e-07	1.30292028188705444336e-06	1.08312815427780151367e-06	5.59724867343902587891e-07	1.24005600810050964355e-06	1.07660889625549316406e-06	5.59724867343902587891e-07	8.42381268739700317383e-07	7.86036252975463867188e-07	1.21304765343666076660e-06	8.44243913888931274414e-07	
8.88947397470474243164e-07	1.01886689662933349609e-06	0.00000000000000000000e+00	8.32136720418930053711e-07	1.31782144308090209961e-06	9.29459929466247558594e-07	1.01560726761817932129e-06	1.17486342787742614746e-06	1.01234763860702514648e-06	1.16555020213127136230e-06	1.01234763860702514648e-06	1.31409615278244018555e-06	1.21444463729858398438e-06	9.59262251853942871094e-07	1.31409615278244018555e-06	1.31409615278244018555e-06	1.31409615278244018555e-06	9.34582203626632690430e-07	9.64384526014328002930e-07	8.45640897750854492188e-07	9.61124897003173828125e-07	9.14558768272399902344e-07	9.14558768272399902344e-07	8.37258994579315185547e-07	8.45640897750854492188e-07	9.12696123123168945312e-07	9.14558768272399902344e-07	9.32253897190093994141e-07	8.66595655679702758789e-07	1.17905437946319580078e-06	1.17905437946319580078e-06	1.17905437946319580078e-06	6.41215592622756958008e-07	1.01141631603240966797e-06	8.31671059131622314453e-07	6.03962689638137817383e-07	1.11572444438934326172e-06	1.11572444438934326172e-06	8.54022800922393798828e-07	1.13854184746742248535e-06	1.27265229821205139160e-06	5.81610947847366333008e-07	1.00024044513702392578e-06	1.48080289363861083984e-06	1.09663233160972595215e-06	6.76140189170837402344e-07	1.20466575026512145996e-06	4.11178916692733764648e-07	1.30385160446166992188e-06	1.07381492853164672852e-06	1.06124207377433776855e-06	1.02631747722625732422e-06	7.49714672565460205078e-07	1.13341957330703735352e-06	1.18510797619819641113e-06	9.52277332544326782227e-07	9.65315848588943481445e-07	8.02800059318542480469e-07	6.84987753629684448242e-07	1.08499079942703247070e-06	1.47707760334014892578e-06	1.06822699308395385742e-06	5.48083335161209106445e-07	1.13248825073242187500e-06	1.13574787974357604980e-06	8.79634171724319458008e-07	8.79634171724319458008e-07	9.76957380771636962891e-07	9.15955752134323120117e-07	1.24005600810050964355e-06	1.41141936182975769043e-06	7.63218849897384643555e-07	7.62287527322769165039e-07	1.10082328319549560547e-06	1.30943953990936279297e-06	1.09663233160972595215e-06	1.22888013720512390137e-06	1.27637758851051330566e-06	1.13854184746742248535e-06	8.80565494298934936523e-07	1.05192884802818298340e-06	1.21165066957473754883e-06	4.96394932270050048828e-07	1.05192884802818298340e-06	4.93600964546203613281e-07	1.01001933217048645020e-06	1.06310471892356872559e-06	1.16880983114242553711e-06	
1.04634091258049011230e-06	6.62170350551605224609e-07	8.32136720418930053711e-07	0.00000000000000000000e+00	8.48434865474700927734e-07	1.05146318674087524414e-06	7.41332769393920898438e-07	1.03563070297241210938e-06	6.00237399339675903320e-07	9.35047864913940429688e-07	6.00237399339675903320e-07	1.15530565381050109863e-06	1.20885670185089111328e-06	1.15577131509780883789e-06	1.15530565381050109863e-06	1.15530565381050109863e-06	1.15530565381050109863e-06	1.18836760520935058594e-06	7.53905624151229858398e-07	8.16769897937774658203e-07	1.17020681500434875488e-06	8.92207026481628417969e-07	8.92207026481628417969e-07	9.07573848962783813477e-07	8.16769897937774658203e-07	1.38906762003898620605e-06	8.93138349056243896484e-07	1.18929892778396606445e-06	9.47155058383941650391e-07	1.02724879980087280273e-06	1.02724879980087280273e-06	1.02724879980087280273e-06	7.34347850084304809570e-07	1.09942629933357238770e-06	1.17020681500434875488e-06	4.54951077699661254883e-07	1.21910125017166137695e-06	1.21910125017166137695e-06	8.63801687955856323242e-07	1.43190845847129821777e-06	8.65198671817779541016e-07	8.33999365568161010742e-07	1.02911144495010375977e-06	8.65198671817779541016e-07	9.77888703346252441406e-07	8.74977558851242065430e-07	7.58096575736999511719e-07	5.80679625272750854492e-07	1.02492049336433410645e-06	1.36997550725936889648e-06	9.55071300268173217773e-07	8.83825123310089111328e-07	9.37376171350479125977e-07	8.54022800922393798828e-07	1.34063884615898132324e-06	1.22934579849243164062e-06	1.01700425148010253906e-06	1.30292028188705444336e-06	7.92089849710464477539e-07	7.44126737117767333984e-07	9.67644155025482177734e-07	1.41700729727745056152e-06	8.16304236650466918945e-07	9.92324203252792358398e-07	9.85339283943176269531e-07	8.59145075082778930664e-07	8.59145075082778930664e-07	1.13015994429588317871e-06	1.17067247629165649414e-06	1.01141631603240966797e-06	9.25268977880477905273e-07	9.99774783849716186523e-07	7.61356204748153686523e-07	7.58562237024307250977e-07	1.00024044513702392578e-06	6.37024641036987304688e-07	1.15670263767242431641e-06	9.59727913141250610352e-07	1.15716829895973205566e-06	1.26054510474205017090e-06	1.25914812088012695312e-06	1.22562050819396972656e-06	5.39701431989669799805e-07	1.25914812088012695312e-06	1.22562050819396972656e-06	8.54954123497009277344e-07	1.19348987936973571777e-06	1.16648152470588684082e-06	
1.15763396024703979492e-06	9.63453203439712524414e-07	1.31782144308090209961e-06	8.48434865474700927734e-07	0.00000000000000000000e+00	1.13481655716896057129e-06	1.15716829895973205566e-06	8.27945768833160400391e-07	7.04545527696609497070e-07	1.10408291220664978027e-06	7.04545527696609497070e-07	1.09663233160972595215e-06	7.89761543273925781250e-07	1.05053186416625976562e-06	1.09663233160972595215e-06	1.09663233160972595215e-06	1.09663233160972595215e-06	8.18632543087005615234e-07	4.92669641971588134766e-07	1.21491029858589172363e-06	1.04447826743125915527e-06	8.68458300828933715820e-07	8.68458300828933715820e-07	1.14738941192626953125e-06	1.21491029858589172363e-06	8.07922333478927612305e-07	8.68923962116241455078e-07	8.19098204374313354492e-07	8.84290784597396850586e-07	8.22357833385467529297e-07	8.22357833385467529297e-07	8.22357833385467529297e-07	1.18510797619819641113e-06	1.20745971798896789551e-06	1.04540959000587463379e-06	6.98026269674301147461e-07	1.07940286397933959961e-06	1.07940286397933959961e-06	1.27498060464859008789e-06	1.18697062134742736816e-06	9.55536961555480957031e-07	1.09290704131126403809e-06	1.13574787974357604980e-06	9.64384526014328002930e-07	1.14180147647857666016e-06	8.70320945978164672852e-07	1.24098733067512512207e-06	9.72300767898559570312e-07	1.03842467069625854492e-06	9.89530235528945922852e-07	8.29342752695083618164e-07	9.54605638980865478516e-07	7.76723027229309082031e-07	1.03982165455818176270e-06	4.67058271169662475586e-07	8.13510268926620483398e-07	9.61124897003173828125e-07	1.04075297713279724121e-06	8.01403075456619262695e-07	9.23871994018554687500e-07	8.27945768833160400391e-07	8.64267349243164062500e-07	6.94766640663146972656e-07	8.65664333105087280273e-07	8.32136720418930053711e-07	7.30622559785842895508e-07	7.30622559785842895508e-07	1.05146318674087524414e-06	1.33737921714782714844e-06	8.09319317340850830078e-07	6.02565705776214599609e-07	8.25617462396621704102e-07	7.63218849897384643555e-07	1.07614323496818542480e-06	9.57399606704711914062e-07	1.07195228338241577148e-06	7.86501914262771606445e-07	4.54019755125045776367e-07	1.27544626593589782715e-06	1.08312815427780151367e-06	1.36345624923706054688e-06	1.21770426630973815918e-06	1.15344300866127014160e-06	1.36345624923706054688e-06	7.17584043741226196289e-07	4.90341335535049438477e-07	9.04779881238937377930e-07	8.11181962490081787109e-07	
8.46106559038162231445e-07	9.70903784036636352539e-07	9.29459929466247558594e-07	1.05146318674087524414e-06	1.13481655716896057129e-06	0.00000000000000000000e+00	1.19023025035858154297e-06	5.10364770889282226562e-07	1.30711123347282409668e-06	1.15064904093742370605e-06	1.30711123347282409668e-06	1.20606273412704467773e-06	1.33784487843513488770e-06	6.70086592435836791992e-07	1.20606273412704467773e-06	1.20606273412704467773e-06	1.20606273412704467773e-06	9.42032784223556518555e-07	1.05611979961395263672e-06	7.21309334039688110352e-07	7.30156898498535156250e-07	6.99888914823532104492e-07	6.99888914823532104492e-07	1.03283673524856567383e-06	7.21309334039688110352e-07	8.62404704093933105469e-07	6.99888914823532104492e-07	9.40170139074325561523e-07	1.20932236313819885254e-06	5.13624399900436401367e-07	5.13624399900436401367e-07	5.13624399900436401367e-07	6.71949237585067749023e-07	1.14459544420242309570e-06	1.13900750875473022461e-06	1.00117176771163940430e-06	8.89878720045089721680e-07	8.89878720045089721680e-07	9.68109816312789916992e-07	9.61590558290481567383e-07	1.08964741230010986328e-06	6.89644366502761840820e-07	1.09290704131126403809e-06	8.68458300828933715820e-07	7.35279172658920288086e-07	8.85222107172012329102e-07	6.88713043928146362305e-07	1.08219683170318603516e-06	8.54488462209701538086e-07	5.03845512866973876953e-07	1.20373442769050598145e-06	8.63336026668548583984e-07	1.01234763860702514648e-06	7.47852027416229248047e-07	7.66012817621231079102e-07	7.72066414356231689453e-07	1.27684324979782104492e-06	1.44215300679206848145e-06	1.11153349280357360840e-06	6.35627657175064086914e-07	1.21071934700012207031e-06	1.17393210530281066895e-06	5.69969415664672851562e-07	1.24517828226089477539e-06	9.73697751760482788086e-07	9.64850187301635742188e-07	9.64850187301635742188e-07	9.80217009782791137695e-07	9.16887074708938598633e-07	1.15903094410896301270e-06	1.40536576509475708008e-06	1.41514465212821960449e-06	1.04308128356933593750e-06	7.43195414543151855469e-07	1.19768083095550537109e-06	1.45146623253822326660e-06	1.34529545903205871582e-06	8.84290784597396850586e-07	9.40170139074325561523e-07	7.87898898124694824219e-07	7.15721398591995239258e-07	7.03148543834686279297e-07	9.21543687582015991211e-07	7.15721398591995239258e-07	9.08970832824707031250e-07	1.57253816723823547363e-06	1.18371099233627319336e-06	1.37463212013244628906e-06	
8.89878720045089721680e-07	7.06873834133148193359e-07	1.01560726761817932129e-06	7.41332769393920898438e-07	1.15716829895973205566e-06	1.19023025035858154297e-06	0.00000000000000000000e+00	1.21118500828742980957e-06	1.07707455754280090332e-06	1.22003257274627685547e-06	1.07707455754280090332e-06	1.25542283058166503906e-06	1.14971771836280822754e-06	1.20326876640319824219e-06	1.25542283058166503906e-06	1.25542283058166503906e-06	1.25542283058166503906e-06	9.53208655118942260742e-07	9.67644155025482177734e-07	1.28196552395820617676e-06	1.13109126687049865723e-06	7.00820237398147583008e-07	7.00820237398147583008e-07	1.11944973468780517578e-06	1.28196552395820617676e-06	5.66244125366210937500e-07	7.01751559972763061523e-07	9.54139977693557739258e-07	1.44867226481437683105e-06	1.20792537927627563477e-06	1.20792537927627563477e-06	1.20792537927627563477e-06	9.27597284317016601562e-07	1.21025368571281433105e-06	8.50763171911239624023e-07	1.04261562228202819824e-06	1.06869265437126159668e-06	1.06869265437126159668e-06	1.02259218692779541016e-06	6.69155269861221313477e-07	9.12230461835861206055e-07	8.46106559038162231445e-07	1.05146318674087524414e-06	1.36578455567359924316e-06	1.31269916892051696777e-06	1.96509063243865966797e-07	1.25588849186897277832e-06	9.12696123123168945312e-07	1.36066228151321411133e-06	7.07805156707763671875e-07	8.92672687768936157227e-07	8.55885446071624755859e-07	1.01979821920394897461e-06	1.15297734737396240234e-06	1.34995207190513610840e-06	6.61704689264297485352e-07	1.15158036351203918457e-06	7.26897269487380981445e-07	8.57748091220855712891e-07	8.20960849523544311523e-07	1.07567757368087768555e-06	1.24005600810050964355e-06	1.44820660352706909180e-06	9.36444848775863647461e-07	1.31735578179359436035e-06	8.30274075269699096680e-07	8.30274075269699096680e-07	8.12113285064697265625e-07	9.21078026294708251953e-07	8.96397978067398071289e-07	9.66247171163558959961e-07	1.03889033198356628418e-06	8.12578946352005004883e-07	5.52274286746978759766e-07	1.13574787974357604980e-06	1.08731910586357116699e-06	5.80213963985443115234e-07	1.28522515296936035156e-06	7.28759914636611938477e-07	8.26548784971237182617e-07	7.14790076017379760742e-07	1.20047479867935180664e-06	8.32136720418930053711e-07	7.14790076017379760742e-07	9.51811671257019042969e-07	1.02212652564048767090e-06	8.41915607452392578125e-07	1.21723860502243041992e-06	
9.00123268365859985352e-07	1.12038105726242065430e-06	1.17486342787742614746e-06	1.03563070297241210938e-06	8.27945768833160400391e-07	5.10364770889282226562e-07	1.21118500828742980957e-06	0.00000000000000000000e+00	7.77654349803924560547e-07	1.30059197545051574707e-06	7.77654349803924560547e-07	1.26054510474205017090e-06	7.69272446632385253906e-07	7.88364559412002563477e-07	1.26054510474205017090e-06	1.26054510474205017090e-06	1.26054510474205017090e-06	1.01979821920394897461e-06	1.12317502498626708984e-06	1.24052166938781738281e-06	7.85570591688156127930e-07	1.93715095520019531250e-07	1.93715095520019531250e-07	1.00675970315933227539e-06	1.24052166938781738281e-06	1.16089358925819396973e-06	1.93715095520019531250e-07	1.02026388049125671387e-06	7.12927430868148803711e-07	7.93486833572387695312e-07	7.93486833572387695312e-07	7.93486833572387695312e-07	1.40583142638206481934e-06	1.46031379699707031250e-06	1.18091702461242675781e-06	8.40518623590469360352e-07	1.21677294373512268066e-06	1.21677294373512268066e-06	7.31088221073150634766e-07	5.02914190292358398438e-07	6.83125108480453491211e-07	1.01886689662933349609e-06	5.50411641597747802734e-07	7.17118382453918457031e-07	1.14552676677703857422e-06	1.22282654047012329102e-06	1.16229057312011718750e-06	1.23633071780204772949e-06	7.25500285625457763672e-07	7.67409801483154296875e-07	8.51228833198547363281e-07	1.02911144495010375977e-06	1.07614323496818542480e-06	1.17253512144088745117e-06	8.37724655866622924805e-07	8.81962478160858154297e-07	9.93721187114715576172e-07	8.58213752508163452148e-07	1.11106783151626586914e-06	1.09896063804626464844e-06	1.06403604149818420410e-06	5.26197254657745361328e-07	8.27945768833160400391e-07	6.23054802417755126953e-07	7.39004462957382202148e-07	1.16927549242973327637e-06	1.16927549242973327637e-06	1.01374462246894836426e-06	1.09989196062088012695e-06	3.81842255592346191406e-07	1.06589868664741516113e-06	7.11996108293533325195e-07	1.17998570203781127930e-06	9.20146703720092773438e-07	8.94535332918167114258e-07	8.75443220138549804688e-07	7.57165253162384033203e-07	9.11299139261245727539e-07	1.08405947685241699219e-06	1.01793557405471801758e-06	1.22049823403358459473e-06	8.26083123683929443359e-07	1.36205926537513732910e-06	1.22049823403358459473e-06	9.05245542526245117188e-07	9.61124897003173828125e-07	9.66712832450866699219e-07	8.29342752695083618164e-07	
5.65312802791595458984e-07	8.27014446258544921875e-07	1.01234763860702514648e-06	6.00237399339675903320e-07	7.04545527696609497070e-07	1.30711123347282409668e-06	1.07707455754280090332e-06	7.77654349803924560547e-07	0.00000000000000000000e+00	9.96980816125869750977e-07	1.17579475045204162598e-06	1.08592212200164794922e-06	8.70786607265472412109e-07	8.47037881612777709961e-07	1.08592212200164794922e-06	1.08592212200164794922e-06	1.08592212200164794922e-06	1.14878639578819274902e-06	1.23586505651473999023e-06	1.12596899271011352539e-06	8.41915607452392578125e-07	7.57630914449691772461e-07	7.57630914449691772461e-07	8.86619091033935546875e-07	1.12596899271011352539e-06	1.32387503981590270996e-06	7.57165253162384033203e-07	1.14971771836280822754e-06	8.61007720232009887695e-07	7.85104930400848388672e-07	7.85104930400848388672e-07	7.85104930400848388672e-07	1.43935903906822204590e-06	1.56834721565246582031e-06	1.02119520306587219238e-06	1.00256875157356262207e-06	1.40350311994552612305e-06	1.40350311994552612305e-06	9.19215381145477294922e-07	1.32434070110321044922e-06	6.03031367063522338867e-07	1.03702768683433532715e-06	8.02800059318542480469e-07	7.10133463144302368164e-07	9.49017703533172607422e-07	7.00820237398147583008e-07	1.13388523459434509277e-06	1.29779800772666931152e-06	1.11944973468780517578e-06	1.14506110548973083496e-06	1.32527202367782592773e-06	9.02451574802398681641e-07	8.88016074895858764648e-07	9.22009348869323730469e-07	1.00955367088317871094e-06	9.03382897377014160156e-07	9.82079654932022094727e-07	1.14412978291511535645e-06	7.97677785158157348633e-07	8.39121639728546142578e-07	1.03609636425971984863e-06	1.30617991089820861816e-06	7.93486833572387695312e-07	1.33924186229705810547e-06	7.22706317901611328125e-07	7.93021172285079956055e-07	7.93021172285079956055e-07	8.34465026855468750000e-07	9.39704477787017822266e-07	9.66247171163558959961e-07	8.02334398031234741211e-07	1.14133581519126892090e-06	7.78120011091232299805e-07	1.02538615465164184570e-06	9.49017703533172607422e-07	9.35047864913940429688e-07	1.35740265250205993652e-06	8.85222107172012329102e-07	1.01607292890548706055e-06	1.25681981444358825684e-06	1.27684324979782104492e-06	9.54139977693557739258e-07	9.07573848962783813477e-07	1.27684324979782104492e-06	1.09942629933357238770e-06	7.64615833759307861328e-07	4.34461981058120727539e-07	9.62987542152404785156e-07	
1.08126550912857055664e-06	1.09570100903511047363e-06	1.16555020213127136230e-06	9.35047864913940429688e-07	1.10408291220664978027e-06	1.15064904093742370605e-06	1.22003257274627685547e-06	1.30059197545051574707e-06	9.96980816125869750977e-07	0.00000000000000000000e+00	9.96980816125869750977e-07	1.37183815240859985352e-06	8.37724655866622924805e-07	1.05099752545356750488e-06	1.37183815240859985352e-06	1.37183815240859985352e-06	1.37183815240859985352e-06	7.93952494859695434570e-07	1.01281329989433288574e-06	5.51342964172363281250e-07	1.07754021883010864258e-06	7.13393092155456542969e-07	7.13393092155456542969e-07	1.04075297713279724121e-06	5.51342964172363281250e-07	1.18976458907127380371e-06	7.14324414730072021484e-07	7.95815140008926391602e-07	1.25262886285781860352e-06	1.29826366901397705078e-06	1.29826366901397705078e-06	1.29826366901397705078e-06	6.75208866596221923828e-07	7.38538801670074462891e-07	1.23027712106704711914e-06	1.21025368571281433105e-06	1.18045136332511901855e-06	1.18045136332511901855e-06	8.24686139822006225586e-07	1.15623697638511657715e-06	9.16421413421630859375e-07	1.06543302536010742188e-06	1.00675970315933227539e-06	1.10687687993049621582e-06	1.02957710623741149902e-06	9.56933945417404174805e-07	8.40052962303161621094e-07	8.12113285064697265625e-07	9.56468284130096435547e-07	1.22655183076858520508e-06	1.17905437946319580078e-06	6.03497028350830078125e-07	7.66944140195846557617e-07	7.43661075830459594727e-07	7.25965946912765502930e-07	9.13627445697784423828e-07	8.90810042619705200195e-07	8.98726284503936767578e-07	4.85684722661972045898e-07	9.55071300268173217773e-07	9.15490090847015380859e-07	1.13202258944511413574e-06	1.01281329989433288574e-06	1.24238431453704833984e-06	9.49483364820480346680e-07	6.64498656988143920898e-07	6.64498656988143920898e-07	1.35414302349090576172e-06	1.00629404187202453613e-06	1.06310471892356872559e-06	1.29174441099166870117e-06	1.10547989606857299805e-06	8.46572220325469970703e-07	9.77888703346252441406e-07	9.28062945604324340820e-07	7.73463398218154907227e-07	7.45989382266998291016e-07	1.17765739560127258301e-06	1.13854184746742248535e-06	1.30804255604743957520e-06	1.23027712106704711914e-06	9.49483364820480346680e-07	3.32947820425033569336e-07	1.23027712106704711914e-06	9.93255525827407836914e-07	1.34669244289398193359e-06	4.61470335721969604492e-07	1.20839104056358337402e-06	
5.65312802791595458984e-07	8.27014446258544921875e-07	1.01234763860702514648e-06	6.00237399339675903320e-07	7.04545527696609497070e-07	1.30711123347282409668e-06	1.07707455754280090332e-06	7.77654349803924560547e-07	1.17579475045204162598e-06	9.96980816125869750977e-07	0.00000000000000000000e+00	1.08592212200164794922e-06	8.70786607265472412109e-07	8.47037881612777709961e-07	1.08592212200164794922e-06	1.08592212200164794922e-06	1.08592212200164794922e-06	1.14878639578819274902e-06	1.23586505651473999023e-06	1.12596899271011352539e-06	8.41915607452392578125e-07	7.57630914449691772461e-07	7.57630914449691772461e-07	8.86619091033935546875e-07	1.12596899271011352539e-06	1.32387503981590270996e-06	7.57165253162384033203e-07	1.14971771836280822754e-06	8.61007720232009887695e-07	7.85104930400848388672e-07	7.85104930400848388672e-07	7.85104930400848388672e-07	1.43935903906822204590e-06	1.56834721565246582031e-06	1.02119520306587219238e-06	1.00256875157356262207e-06	1.40350311994552612305e-06	1.40350311994552612305e-06	9.19215381145477294922e-07	1.32434070110321044922e-06	6.03031367063522338867e-07	1.03702768683433532715e-06	8.02800059318542480469e-07	7.10133463144302368164e-07	9.49017703533172607422e-07	7.00820237398147583008e-07	1.13388523459434509277e-06	1.29779800772666931152e-06	1.11944973468780517578e-06	1.14506110548973083496e-06	1.32527202367782592773e-06	9.02451574802398681641e-07	8.88016074895858764648e-07	9.22009348869323730469e-07	1.00955367088317871094e-06	9.03382897377014160156e-07	9.82079654932022094727e-07	1.14412978291511535645e-06	7.97677785158157348633e-07	8.39121639728546142578e-07	1.03609636425971984863e-06	1.30617991089820861816e-06	7.93486833572387695312e-07	1.33924186229705810547e-06	7.22706317901611328125e-07	7.93021172285079956055e-07	7.93021172285079956055e-07	8.34465026855468750000e-07	9.39704477787017822266e-07	9.66247171163558959961e-07	8.02334398031234741211e-07	1.14133581519126892090e-06	7.78120011091232299805e-07	1.02538615465164184570e-06	9.49017703533172607422e-07	9.35047864913940429688e-07	1.35740265250205993652e-06	8.85222107172012329102e-07	1.01607292890548706055e-06	1.25681981444358825684e-06	1.27684324979782104492e-06	9.54139977693557739258e-07	9.07573848962783813477e-07	1.27684324979782104492e-06	1.09942629933357238770e-06	7.64615833759307861328e-07	4.34461981058120727539e-07	9.62987542152404785156e-07	
9.79751348495483398438e-07	8.94069671630859375000e-07	1.31409615278244018555e-06	1.15530565381050109863e-06	1.09663233160972595215e-06	1.20606273412704467773e-06	1.25542283058166503906e-06	1.26054510474205017090e-06	1.08592212200164794922e-06	1.37183815240859985352e-06	1.08592212200164794922e-06	0.00000000000000000000e+00	1.05472281575202941895e-06	9.65315848588943481445e-07	1.40722841024398803711e-06	1.40722841024398803711e-06	1.40722841024398803711e-06	1.04121863842010498047e-06	9.19215381145477294922e-07	6.14207237958908081055e-07	9.68575477600097656250e-07	7.17118382453918457031e-07	7.17118382453918457031e-07	1.27544626593589782715e-06	6.14207237958908081055e-07	1.12317502498626708984e-06	7.16652721166610717773e-07	1.04261562228202819824e-06	1.30664557218551635742e-06	1.24610960483551025391e-06	1.24610960483551025391e-06	1.24610960483551025391e-06	5.33647835254669189453e-07	7.87898898124694824219e-07	1.20792537927627563477e-06	1.03004276752471923828e-06	1.09616667032241821289e-06	1.09616667032241821289e-06	8.63336026668548583984e-07	1.26194208860397338867e-06	1.07940286397933959961e-06	1.04866921901702880859e-06	1.06776133179664611816e-06	9.75094735622406005859e-07	9.30856913328170776367e-07	7.84173607826232910156e-07	8.14441591501235961914e-07	7.52974301576614379883e-07	9.83010977506637573242e-07	1.16275623440742492676e-06	1.13947317004203796387e-06	6.61239027976989746094e-07	7.14324414730072021484e-07	1.03469938039779663086e-06	1.12736597657203674316e-06	7.90692865848541259766e-07	9.19215381145477294922e-07	8.50763171911239624023e-07	5.64381480216979980469e-07	8.93138349056243896484e-07	7.22240656614303588867e-07	1.22236087918281555176e-06	8.17701220512390136719e-07	1.19674950838088989258e-06	9.39704477787017822266e-07	5.50877302885055541992e-07	5.50877302885055541992e-07	1.22888013720512390137e-06	9.16421413421630859375e-07	1.06077641248703002930e-06	1.37835741043090820312e-06	1.15437433123588562012e-06	9.08039510250091552734e-07	9.48552042245864868164e-07	7.18981027603149414062e-07	8.25617462396621704102e-07	9.90927219390869140625e-07	1.18277966976165771484e-06	1.03423371911048889160e-06	1.13900750875473022461e-06	1.13202258944511413574e-06	9.13161784410476684570e-07	6.59842044115066528320e-07	1.13202258944511413574e-06	9.56468284130096435547e-07	1.25588849186897277832e-06	2.57976353168487548828e-07	1.31316483020782470703e-06	
9.82545316219329833984e-07	1.22142955660820007324e-06	1.21444463729858398438e-06	1.20885670185089111328e-06	7.89761543273925781250e-07	1.33784487843513488770e-06	1.14971771836280822754e-06	7.69272446632385253906e-07	8.70786607265472412109e-07	8.37724655866622924805e-07	8.70786607265472412109e-07	1.05472281575202941895e-06	0.00000000000000000000e+00	1.42119824886322021484e-06	1.05472281575202941895e-06	1.05472281575202941895e-06	1.05472281575202941895e-06	6.65429979562759399414e-07	6.17001205682754516602e-07	1.24378129839897155762e-06	1.48359686136245727539e-06	8.31671059131622314453e-07	8.31671059131622314453e-07	1.17672607302665710449e-06	1.24378129839897155762e-06	9.19681042432785034180e-07	8.32136720418930053711e-07	6.63567334413528442383e-07	1.02305784821510314941e-06	7.73463398218154907227e-07	7.73463398218154907227e-07	7.73463398218154907227e-07	1.30152329802513122559e-06	1.01234763860702514648e-06	9.47155058383941650391e-07	7.79516994953155517578e-07	8.21892172098159790039e-07	8.21892172098159790039e-07	9.64384526014328002930e-07	1.27078965306282043457e-06	9.29925590753555297852e-07	1.32992863655090332031e-06	1.08405947685241699219e-06	7.86036252975463867188e-07	1.42818316817283630371e-06	6.10947608947753906250e-07	1.07614323496818542480e-06	1.04261562228202819824e-06	5.75091689825057983398e-07	8.46572220325469970703e-07	9.01054590940475463867e-07	8.80565494298934936523e-07	9.35513526201248168945e-07	1.40769407153129577637e-06	5.23868948221206665039e-07	9.22009348869323730469e-07	8.54488462209701538086e-07	6.38887286186218261719e-07	8.03731381893157958984e-07	1.08219683170318603516e-06	1.26194208860397338867e-06	9.04779881238937377930e-07	7.39004462957382202148e-07	9.07108187675476074219e-07	1.25868245959281921387e-06	1.04680657386779785156e-06	1.04680657386779785156e-06	7.82310962677001953125e-07	1.17812305688858032227e-06	9.49483364820480346680e-07	5.85336238145828247070e-07	6.85453414916992187500e-07	9.47155058383941650391e-07	1.05798244476318359375e-06	8.15838575363159179688e-07	8.46572220325469970703e-07	5.35044819116592407227e-07	6.61704689264297485352e-07	1.13900750875473022461e-06	1.05146318674087524414e-06	8.62870365381240844727e-07	1.43609941005706787109e-06	1.08731910586357116699e-06	8.62870365381240844727e-07	8.11647623777389526367e-07	5.70900738239288330078e-07	9.57865267992019653320e-07	6.69155269861221313477e-07	
1.29872933030128479004e-06	1.25914812088012695312e-06	9.59262251853942871094e-07	1.15577131509780883789e-06	1.05099752545356750488e-06	6.70086592435836791992e-07	1.20326876640319824219e-06	7.88364559412002563477e-07	8.47037881612777709961e-07	1.05099752545356750488e-06	8.47037881612777709961e-07	9.65781509876251220703e-07	1.42119824886322021484e-06	0.00000000000000000000e+00	9.65781509876251220703e-07	9.65781509876251220703e-07	9.65781509876251220703e-07	9.22009348869323730469e-07	1.04820355772972106934e-06	1.21491029858589172363e-06	1.27265229821205139160e-06	9.26200300455093383789e-07	9.26200300455093383789e-07	9.48086380958557128906e-07	1.21491029858589172363e-06	1.30152329802513122559e-06	9.26665961742401123047e-07	9.20146703720092773438e-07	1.36531889438629150391e-06	7.84639269113540649414e-07	7.84639269113540649414e-07	7.84639269113540649414e-07	1.00396573543548583984e-06	1.06776133179664611816e-06	9.59727913141250610352e-07	1.16042792797088623047e-06	7.39004462957382202148e-07	7.39004462957382202148e-07	1.08359381556510925293e-06	7.13858753442764282227e-07	1.16880983114242553711e-06	7.72997736930847167969e-07	6.11413270235061645508e-07	1.35507434606552124023e-06	1.10361725091934204102e-06	5.34579157829284667969e-07	1.57859176397323608398e-06	8.32136720418930053711e-07	9.24337655305862426758e-07	2.72411853075027465820e-07	1.01281329989433288574e-06	9.61590558290481567383e-07	9.89064574241638183594e-07	8.99657607078552246094e-07	9.37376171350479125977e-07	1.08638778328895568848e-06	1.33924186229705810547e-06	5.69969415664672851562e-07	8.31671059131622314453e-07	8.54488462209701538086e-07	1.17393210530281066895e-06	7.01751559972763061523e-07	1.32853165268898010254e-06	1.13015994429588317871e-06	1.03190541267395019531e-06	7.62753188610076904297e-07	7.62753188610076904297e-07	1.45705416798591613770e-06	9.63918864727020263672e-07	8.20029526948928833008e-07	1.23120844364166259766e-06	8.21426510810852050781e-07	7.97677785158157348633e-07	8.49366188049316406250e-07	1.36671587824821472168e-06	1.33644789457321166992e-06	1.28010287880897521973e-06	1.29826366901397705078e-06	9.35979187488555908203e-07	6.43078237771987915039e-07	1.06636434793472290039e-06	9.31788235902786254883e-07	1.30897387862205505371e-06	1.06636434793472290039e-06	1.15251168608665466309e-06	1.35879963636398315430e-06	1.15577131509780883789e-06	1.38301402330398559570e-06	
9.79751348495483398438e-07	8.94069671630859375000e-07	1.31409615278244018555e-06	1.15530565381050109863e-06	1.09663233160972595215e-06	1.20606273412704467773e-06	1.25542283058166503906e-06	1.26054510474205017090e-06	1.08592212200164794922e-06	1.37183815240859985352e-06	1.08592212200164794922e-06	1.40722841024398803711e-06	1.05472281575202941895e-06	9.65315848588943481445e-07	0.00000000000000000000e+00	1.40722841024398803711e-06	1.40722841024398803711e-06	1.04121863842010498047e-06	9.19215381145477294922e-07	6.14207237958908081055e-07	9.68575477600097656250e-07	7.17118382453918457031e-07	7.17118382453918457031e-07	1.27544626593589782715e-06	6.14207237958908081055e-07	1.12317502498626708984e-06	7.16652721166610717773e-07	1.04261562228202819824e-06	1.30664557218551635742e-06	1.24610960483551025391e-06	1.24610960483551025391e-06	1.24610960483551025391e-06	5.33647835254669189453e-07	7.87898898124694824219e-07	1.20792537927627563477e-06	1.03004276752471923828e-06	1.09616667032241821289e-06	1.09616667032241821289e-06	8.63336026668548583984e-07	1.26194208860397338867e-06	1.07940286397933959961e-06	1.04866921901702880859e-06	1.06776133179664611816e-06	9.75094735622406005859e-07	9.30856913328170776367e-07	7.84173607826232910156e-07	8.14441591501235961914e-07	7.52974301576614379883e-07	9.83010977506637573242e-07	1.16275623440742492676e-06	1.13947317004203796387e-06	6.61239027976989746094e-07	7.14324414730072021484e-07	1.03469938039779663086e-06	1.12736597657203674316e-06	7.90692865848541259766e-07	9.19215381145477294922e-07	8.50763171911239624023e-07	5.64381480216979980469e-07	8.93138349056243896484e-07	7.22240656614303588867e-07	1.22236087918281555176e-06	8.17701220512390136719e-07	1.19674950838088989258e-06	9.39704477787017822266e-07	5.50877302885055541992e-07	5.50877302885055541992e-07	1.22888013720512390137e-06	9.16421413421630859375e-07	1.06077641248703002930e-06	1.37835741043090820312e-06	1.15437433123588562012e-06	9.08039510250091552734e-07	9.48552042245864868164e-07	7.18981027603149414062e-07	8.25617462396621704102e-07	9.90927219390869140625e-07	1.18277966976165771484e-06	1.03423371911048889160e-06	1.13900750875473022461e-06	1.13202258944511413574e-06	9.13161784410476684570e-07	6.59842044115066528320e-07	1.13202258944511413574e-06	9.56468284130096435547e-07	1.25588849186897277832e-06	2.57976353168487548828e-07	1.31316483020782470703e-06	
9.79751348495483398438e-07	8.94069671630859375000e-07	1.31409615278244018555e-06	1.15530565381050109863e-06	1.09663233160972595215e-06	1.20606273412704467773e-06	1.25542283058166503906e-06	1.26054510474205017090e-06	1.08592212200164794922e-06	1.37183815240859985352e-06	1.08592212200164794922e-06	1.40722841024398803711e-06	1.05472281575202941895e-06	9.65315848588943481445e-07	1.40722841024398803711e-06	0.00000000000000000000e+00	1.40722841024398803711e-06	1.04121863842010498047e-06	9.19215381145477294922e-07	6.14207237958908081055e-07	9.68575477600097656250e-07	7.17118382453918457031e-07	7.17118382453918457031e-07	1.27544626593589782715e-06	6.14207237958908081055e-07	1.12317502498626708984e-06	7.16652721166610717773e-07	1.04261562228202819824e-06	1.30664557218551635742e-06	1.24610960483551025391e-06	1.24610960483551025391e-06	1.24610960483551025391e-06	5.33647835254669189453e-07	7.87898898124694824219e-07	1.20792537927627563477e-06	1.03004276752471923828e-06	1.09616667032241821289e-06	1.09616667032241821289e-06	8.63336026668548583984e-07	1.26194208860397338867e-06	1.07940286397933959961e-06	1.04866921901702880859e-06	1.06776133179664611816e-06	9.75094735622406005859e-07	9.30856913328170776367e-07	7.84173607826232910156e-07	8.14441591501235961914e-07	7.52974301576614379883e-07	9.83010977506637573242e-07	1.16275623440742492676e-06	1.13947317004203796387e-06	6.61239027976989746094e-07	7.14324414730072021484e-07	1.03469938039779663086e-06	1.12736597657203674316e-06	7.90692865848541259766e-07	9.19215381145477294922e-07	8.50763171911239624023e-07	5.64381480216979980469e-07	8.93138349056243896484e-07	7.22240656614303588867e-07	1.22236087918281555176e-06	8.17701220512390136719e-07	1.19674950838088989258e-06	9.39704477787017822266e-07	5.50877302885055541992e-07	5.50877302885055541992e-07	1.22888013720512390137e-06	9.16421413421630859375e-07	1.06077641248703002930e-06	1.37835741043090820312e-06	1.15437433123588562012e-06	9.08039510250091552734e-07	9.48552042245864868164e-07	7.18981027603149414062e-07	8.25617462396621704102e-07	9.90927219390869140625e-07	1.18277966976165771484e-06	1.03423371911048889160e-06	1.13900750875473022461e-06	1.13202258944511413574e-06	9.13161784410476684570e-07	6.59842044115066528320e-07	1.13202258944511413574e-06	9.56468284130096435547e-07	1.25588849186897277832e-06	2.57976353168487548828e-07	1.31316483020782470703e-06	
