0.00000000000000000000e+00	1.81607902050018310547e-08	8.84756445884704589844e-08	3.02679836750030517578e-08	7.07805156707763671875e-08	8.98726284503936767578e-08	5.68106770515441894531e-08	2.56113708019256591797e-08	8.84756445884704589844e-08	5.68106770515441894531e-08	5.68106770515441894531e-08	6.47269189357757568359e-08	6.47269189357757568359e-08	6.89178705215454101562e-08	7.49714672565460205078e-08	5.77419996261596679688e-08	5.82076609134674072266e-08	5.82076609134674072266e-08	8.28877091407775878906e-08	6.47269189357757568359e-08	6.51925802230834960938e-08	5.54136931896209716797e-08	7.12461769580841064453e-08	1.02911144495010375977e-07	5.30853867530822753906e-08	1.05705112218856811523e-07	6.05359673500061035156e-08	5.58793544769287109375e-08	5.40167093276977539062e-08	3.39932739734649658203e-08	5.40167093276977539062e-08	5.96046447753906250000e-08	5.40167093276977539062e-08	7.26431608200073242188e-08	8.42846930027008056641e-08	1.01048499345779418945e-07	1.41561031341552734375e-07	1.19209289550781250000e-07	5.58793544769287109375e-08	1.01048499345779418945e-07	5.44823706150054931641e-08	7.12461769580841064453e-08	6.65895640850067138672e-08	9.12696123123168945312e-08	1.19209289550781250000e-07	9.12696123123168945312e-08	5.44823706150054931641e-08	8.89413058757781982422e-08	1.05239450931549072266e-07	6.75208866596221923828e-08	8.89413058757781982422e-08	1.19209289550781250000e-07	5.44823706150054931641e-08	7.86967575550079345703e-08	1.19209289550781250000e-07	1.19209289550781250000e-07	7.86967575550079345703e-08	1.05239450931549072266e-07	5.26197254657745361328e-08	6.65895640850067138672e-08	7.17118382453918457031e-08	6.65895640850067138672e-08	1.46217644214630126953e-07	7.17118382453918457031e-08	1.19209289550781250000e-07	6.70552253723144531250e-08	9.96515154838562011719e-08	
1.81607902050018310547e-08	0.00000000000000000000e+00	5.26197254657745361328e-08	6.37955963611602783203e-08	2.88709998130798339844e-08	1.58324837684631347656e-08	9.03382897377014160156e-08	9.35979187488555908203e-08	4.14438545703887939453e-08	9.03382897377014160156e-08	9.03382897377014160156e-08	1.10827386379241943359e-07	1.10827386379241943359e-07	5.21540641784667968750e-08	6.05359673500061035156e-08	2.46800482273101806641e-08	1.81607902050018310547e-08	1.81607902050018310547e-08	1.07102096080780029297e-07	1.10827386379241943359e-07	2.51457095146179199219e-08	5.35510480403900146484e-08	1.00582838058471679688e-07	9.54605638980865478516e-08	1.12224370241165161133e-07	4.28408384323120117188e-08	6.56582415103912353516e-08	5.30853867530822753906e-08	9.08039510250091552734e-08	1.16880983114242553711e-07	9.08039510250091552734e-08	5.12227416038513183594e-08	9.08039510250091552734e-08	6.65895640850067138672e-08	1.44354999065399169922e-08	1.13155692815780639648e-07	8.47503542900085449219e-08	5.58793544769287109375e-08	8.14907252788543701172e-08	1.13155692815780639648e-07	8.75443220138549804688e-08	8.70786607265472412109e-08	1.05705112218856811523e-07	1.01979821920394897461e-07	5.58793544769287109375e-08	1.01979821920394897461e-07	8.75443220138549804688e-08	7.35744833946228027344e-08	7.77654349803924560547e-08	9.87201929092407226562e-08	7.35744833946228027344e-08	5.58793544769287109375e-08	8.75443220138549804688e-08	8.33533704280853271484e-08	5.58793544769287109375e-08	5.58793544769287109375e-08	8.33533704280853271484e-08	7.77654349803924560547e-08	1.01048499345779418945e-07	3.72529029846191406250e-08	8.10250639915466308594e-08	7.49714672565460205078e-08	8.94069671630859375000e-08	8.10250639915466308594e-08	5.63450157642364501953e-08	7.49714672565460205078e-08	6.10016286373138427734e-08	
8.84756445884704589844e-08	5.26197254657745361328e-08	0.00000000000000000000e+00	9.63918864727020263672e-08	1.05239450931549072266e-07	1.20140612125396728516e-07	5.82076609134674072266e-08	5.30853867530822753906e-08	5.91389834880828857422e-08	5.82076609134674072266e-08	5.82076609134674072266e-08	4.19095158576965332031e-08	4.19095158576965332031e-08	8.24220478534698486328e-08	5.30853867530822753906e-08	9.77888703346252441406e-08	9.59262251853942871094e-08	9.59262251853942871094e-08	8.38190317153930664062e-08	4.19095158576965332031e-08	1.02445483207702636719e-07	8.28877091407775878906e-08	6.75208866596221923828e-08	1.03376805782318115234e-07	9.03382897377014160156e-08	1.18743628263473510742e-07	7.17118382453918457031e-08	8.28877091407775878906e-08	5.58793544769287109375e-08	6.05359673500061035156e-08	5.58793544769287109375e-08	7.68341124057769775391e-08	5.58793544769287109375e-08	5.86733222007751464844e-08	4.56348061561584472656e-08	4.28408384323120117188e-08	7.07805156707763671875e-08	9.68575477600097656250e-08	8.28877091407775878906e-08	4.28408384323120117188e-08	7.45058059692382812500e-08	7.96280801296234130859e-08	7.91624188423156738281e-08	4.51691448688507080078e-08	9.68575477600097656250e-08	4.51691448688507080078e-08	7.45058059692382812500e-08	6.19329512119293212891e-08	1.09896063804626464844e-07	8.61473381519317626953e-08	6.19329512119293212891e-08	9.68575477600097656250e-08	7.45058059692382812500e-08	9.22009348869323730469e-08	9.68575477600097656250e-08	9.68575477600097656250e-08	9.22009348869323730469e-08	1.09896063804626464844e-07	6.00703060626983642578e-08	5.30853867530822753906e-08	8.56816768646240234375e-08	6.14672899246215820312e-08	5.16884028911590576172e-08	8.56816768646240234375e-08	9.68575477600097656250e-08	6.19329512119293212891e-08	3.58559191226959228516e-08	
3.02679836750030517578e-08	6.37955963611602783203e-08	9.63918864727020263672e-08	0.00000000000000000000e+00	4.79631125926971435547e-08	6.56582415103912353516e-08	1.14552676677703857422e-07	5.63450157642364501953e-08	1.05239450931549072266e-07	1.14552676677703857422e-07	1.14552676677703857422e-07	9.22009348869323730469e-08	9.22009348869323730469e-08	7.68341124057769775391e-08	8.61473381519317626953e-08	5.35510480403900146484e-08	8.00937414169311523438e-08	8.00937414169311523438e-08	1.08964741230010986328e-07	9.22009348869323730469e-08	8.61473381519317626953e-08	7.12461769580841064453e-08	1.06170773506164550781e-07	6.00703060626983642578e-08	9.35979187488555908203e-08	6.42612576484680175781e-08	6.89178705215454101562e-08	7.21774995326995849609e-08	6.28642737865447998047e-08	4.42378222942352294922e-08	6.28642737865447998047e-08	7.35744833946228027344e-08	6.28642737865447998047e-08	4.09781932830810546875e-08	8.28877091407775878906e-08	6.05359673500061035156e-08	1.01048499345779418945e-07	4.70317900180816650391e-08	8.89413058757781982422e-08	6.05359673500061035156e-08	6.61239027976989746094e-08	1.15483999252319335938e-07	7.77654349803924560547e-08	9.63918864727020263672e-08	4.70317900180816650391e-08	9.63918864727020263672e-08	6.61239027976989746094e-08	8.61473381519317626953e-08	3.77185642719268798828e-08	1.10361725091934204102e-07	8.61473381519317626953e-08	4.70317900180816650391e-08	6.61239027976989746094e-08	6.79865479469299316406e-08	4.70317900180816650391e-08	4.70317900180816650391e-08	6.79865479469299316406e-08	3.77185642719268798828e-08	6.14672899246215820312e-08	9.08039510250091552734e-08	7.26431608200073242188e-08	8.42846930027008056641e-08	9.63918864727020263672e-08	7.31088221073150634766e-08	4.70317900180816650391e-08	8.42846930027008056641e-08	8.66129994392395019531e-08	
7.07805156707763671875e-08	2.88709998130798339844e-08	1.05239450931549072266e-07	4.79631125926971435547e-08	0.00000000000000000000e+00	6.89178705215454101562e-08	8.24220478534698486328e-08	4.05125319957733154297e-08	6.51925802230834960938e-08	8.24220478534698486328e-08	8.24220478534698486328e-08	9.63918864727020263672e-08	9.63918864727020263672e-08	9.40635800361633300781e-08	8.47503542900085449219e-08	8.42846930027008056641e-08	8.38190317153930664062e-08	8.38190317153930664062e-08	8.66129994392395019531e-08	9.63918864727020263672e-08	9.12696123123168945312e-08	9.59262251853942871094e-08	1.18277966976165771484e-07	7.45058059692382812500e-08	4.65661287307739257812e-08	7.26431608200073242188e-08	1.12224370241165161133e-07	9.59262251853942871094e-08	6.10016286373138427734e-08	5.02914190292358398438e-08	6.10016286373138427734e-08	9.96515154838562011719e-08	6.10016286373138427734e-08	8.70786607265472412109e-08	6.65895640850067138672e-08	4.61004674434661865234e-08	1.62981450557708740234e-08	1.03376805782318115234e-07	6.37955963611602783203e-08	4.61004674434661865234e-08	1.05239450931549072266e-07	3.44589352607727050781e-08	6.33299350738525390625e-08	2.70083546638488769531e-08	1.03376805782318115234e-07	2.70083546638488769531e-08	1.05239450931549072266e-07	2.23517417907714843750e-08	1.27591192722320556641e-07	5.40167093276977539062e-08	2.23517417907714843750e-08	1.03376805782318115234e-07	1.05239450931549072266e-07	1.76951289176940917969e-08	1.03376805782318115234e-07	1.03376805782318115234e-07	1.76951289176940917969e-08	1.27591192722320556641e-07	1.04308128356933593750e-07	6.33299350738525390625e-08	1.00117176771163940430e-07	6.89178705215454101562e-08	5.91389834880828857422e-08	1.00117176771163940430e-07	1.03376805782318115234e-07	6.89178705215454101562e-08	9.87201929092407226562e-08	
8.98726284503936767578e-08	1.58324837684631347656e-08	1.20140612125396728516e-07	6.56582415103912353516e-08	6.89178705215454101562e-08	0.00000000000000000000e+00	9.54605638980865478516e-08	3.30619513988494873047e-08	7.45058059692382812500e-08	9.54605638980865478516e-08	9.54605638980865478516e-08	6.47269189357757568359e-08	6.47269189357757568359e-08	6.05359673500061035156e-08	1.08964741230010986328e-07	8.19563865661621093750e-08	9.35979187488555908203e-08	9.35979187488555908203e-08	7.96280801296234130859e-08	6.47269189357757568359e-08	1.01514160633087158203e-07	5.86733222007751464844e-08	9.12696123123168945312e-08	1.07102096080780029297e-08	6.79865479469299316406e-08	9.17352735996246337891e-08	8.38190317153930664062e-08	5.86733222007751464844e-08	6.51925802230834960938e-08	2.88709998130798339844e-08	6.51925802230834960938e-08	7.68341124057769775391e-08	6.51925802230834960938e-08	1.16415321826934814453e-07	8.28877091407775878906e-08	1.04773789644241333008e-07	5.63450157642364501953e-08	7.45058059692382812500e-08	7.03148543834686279297e-08	1.04773789644241333008e-07	4.74974513053894042969e-08	7.77654349803924560547e-08	5.26197254657745361328e-08	9.17352735996246337891e-08	7.45058059692382812500e-08	9.17352735996246337891e-08	4.74974513053894042969e-08	9.77888703346252441406e-08	9.17352735996246337891e-08	9.82545316219329833984e-08	9.77888703346252441406e-08	7.45058059692382812500e-08	4.74974513053894042969e-08	1.35041773319244384766e-08	7.45058059692382812500e-08	7.45058059692382812500e-08	1.35041773319244384766e-08	9.17352735996246337891e-08	7.31088221073150634766e-08	9.91858541965484619141e-08	5.30853867530822753906e-08	5.12227416038513183594e-08	4.93600964546203613281e-08	5.30853867530822753906e-08	7.45058059692382812500e-08	5.12227416038513183594e-08	9.17352735996246337891e-08	
5.68106770515441894531e-08	9.03382897377014160156e-08	5.82076609134674072266e-08	1.14552676677703857422e-07	8.24220478534698486328e-08	9.54605638980865478516e-08	0.00000000000000000000e+00	6.70552253723144531250e-08	8.61473381519317626953e-08	7.21774995326995849609e-08	7.21774995326995849609e-08	7.91624188423156738281e-08	7.91624188423156738281e-08	7.82310962677001953125e-08	4.28408384323120117188e-08	9.77888703346252441406e-08	7.07805156707763671875e-08	7.07805156707763671875e-08	6.14672899246215820312e-08	7.91624188423156738281e-08	7.68341124057769775391e-08	9.03382897377014160156e-08	5.49480319023132324219e-08	7.72997736930847167969e-08	8.28877091407775878906e-08	8.38190317153930664062e-08	9.49949026107788085938e-08	9.08039510250091552734e-08	5.63450157642364501953e-08	7.68341124057769775391e-08	5.63450157642364501953e-08	1.05239450931549072266e-07	5.63450157642364501953e-08	6.89178705215454101562e-08	5.58793544769287109375e-08	4.42378222942352294922e-08	7.40401446819305419922e-08	8.61473381519317626953e-08	4.88944351673126220703e-08	4.42378222942352294922e-08	9.63918864727020263672e-08	9.12696123123168945312e-08	7.82310962677001953125e-08	2.93366611003875732422e-08	8.61473381519317626953e-08	2.93366611003875732422e-08	9.63918864727020263672e-08	4.65661287307739257812e-08	1.01979821920394897461e-07	6.33299350738525390625e-08	4.65661287307739257812e-08	8.61473381519317626953e-08	9.63918864727020263672e-08	6.00703060626983642578e-08	8.61473381519317626953e-08	8.61473381519317626953e-08	6.00703060626983642578e-08	1.01979821920394897461e-07	4.09781932830810546875e-08	8.75443220138549804688e-08	9.31322574615478515625e-08	7.63684511184692382812e-08	8.61473381519317626953e-08	9.31322574615478515625e-08	8.61473381519317626953e-08	7.63684511184692382812e-08	6.89178705215454101562e-08	
2.56113708019256591797e-08	9.35979187488555908203e-08	5.30853867530822753906e-08	5.63450157642364501953e-08	4.05125319957733154297e-08	3.30619513988494873047e-08	6.70552253723144531250e-08	0.00000000000000000000e+00	7.54371285438537597656e-08	6.70552253723144531250e-08	6.70552253723144531250e-08	8.75443220138549804688e-08	8.75443220138549804688e-08	6.51925802230834960938e-08	7.91624188423156738281e-08	5.21540641784667968750e-08	3.58559191226959228516e-08	3.58559191226959228516e-08	1.08964741230010986328e-07	8.75443220138549804688e-08	4.37721610069274902344e-08	6.98491930961608886719e-08	9.17352735996246337891e-08	9.08039510250091552734e-08	1.07567757368087768555e-07	7.86967575550079345703e-08	3.58559191226959228516e-08	6.98491930961608886719e-08	1.01979821920394897461e-07	8.33533704280853271484e-08	1.01979821920394897461e-07	7.45058059692382812500e-08	1.01979821920394897461e-07	4.14438545703887939453e-08	9.31322574615478515625e-09	8.61473381519317626953e-08	4.47034835815429687500e-08	6.05359673500061035156e-08	8.66129994392395019531e-08	8.61473381519317626953e-08	6.51925802230834960938e-08	8.33533704280853271484e-08	7.86967575550079345703e-08	9.22009348869323730469e-08	6.05359673500061035156e-08	9.22009348869323730469e-08	6.51925802230834960938e-08	8.28877091407775878906e-08	5.77419996261596679688e-08	9.45292413234710693359e-08	8.28877091407775878906e-08	6.05359673500061035156e-08	6.51925802230834960938e-08	9.17352735996246337891e-08	6.05359673500061035156e-08	6.05359673500061035156e-08	9.17352735996246337891e-08	5.77419996261596679688e-08	1.07102096080780029297e-07	4.37721610069274902344e-08	9.77888703346252441406e-08	9.96515154838562011719e-08	4.61004674434661865234e-08	9.77888703346252441406e-08	6.05359673500061035156e-08	1.00117176771163940430e-07	6.70552253723144531250e-08	
8.84756445884704589844e-08	4.14438545703887939453e-08	5.91389834880828857422e-08	1.05239450931549072266e-07	6.51925802230834960938e-08	7.45058059692382812500e-08	8.61473381519317626953e-08	7.54371285438537597656e-08	0.00000000000000000000e+00	8.61473381519317626953e-08	8.61473381519317626953e-08	7.03148543834686279297e-08	7.03148543834686279297e-08	1.00117176771163940430e-07	6.79865479469299316406e-08	7.35744833946228027344e-08	5.82076609134674072266e-08	5.82076609134674072266e-08	1.01979821920394897461e-07	7.03148543834686279297e-08	6.42612576484680175781e-08	7.45058059692382812500e-08	7.54371285438537597656e-08	7.82310962677001953125e-08	7.86967575550079345703e-08	8.00937414169311523438e-08	7.77654349803924560547e-08	7.45058059692382812500e-08	9.87201929092407226562e-08	5.26197254657745361328e-08	9.87201929092407226562e-08	9.73232090473175048828e-08	9.87201929092407226562e-08	6.98491930961608886719e-08	1.03842467069625854492e-07	7.96280801296234130859e-08	9.17352735996246337891e-08	8.33533704280853271484e-08	5.91389834880828857422e-08	7.96280801296234130859e-08	5.96046447753906250000e-08	6.84522092342376708984e-08	6.79865479469299316406e-08	9.31322574615478515625e-08	8.33533704280853271484e-08	9.31322574615478515625e-08	5.96046447753906250000e-08	8.56816768646240234375e-08	6.47269189357757568359e-08	5.21540641784667968750e-08	8.56816768646240234375e-08	8.33533704280853271484e-08	5.96046447753906250000e-08	5.40167093276977539062e-08	8.33533704280853271484e-08	8.33533704280853271484e-08	5.40167093276977539062e-08	6.47269189357757568359e-08	8.98726284503936767578e-08	7.63684511184692382812e-08	7.72997736930847167969e-08	6.00703060626983642578e-08	1.01979821920394897461e-07	7.72997736930847167969e-08	8.33533704280853271484e-08	6.00703060626983642578e-08	8.80099833011627197266e-08	
5.68106770515441894531e-08	9.03382897377014160156e-08	5.82076609134674072266e-08	1.14552676677703857422e-07	8.24220478534698486328e-08	9.54605638980865478516e-08	7.21774995326995849609e-08	6.70552253723144531250e-08	8.61473381519317626953e-08	0.00000000000000000000e+00	7.21774995326995849609e-08	7.91624188423156738281e-08	7.91624188423156738281e-08	7.82310962677001953125e-08	4.28408384323120117188e-08	9.77888703346252441406e-08	7.07805156707763671875e-08	7.07805156707763671875e-08	6.14672899246215820312e-08	7.91624188423156738281e-08	7.68341124057769775391e-08	9.03382897377014160156e-08	5.49480319023132324219e-08	7.72997736930847167969e-08	8.28877091407775878906e-08	8.38190317153930664062e-08	9.49949026107788085938e-08	9.08039510250091552734e-08	5.63450157642364501953e-08	7.68341124057769775391e-08	5.63450157642364501953e-08	1.05239450931549072266e-07	5.63450157642364501953e-08	6.89178705215454101562e-08	5.58793544769287109375e-08	4.42378222942352294922e-08	7.40401446819305419922e-08	8.61473381519317626953e-08	4.88944351673126220703e-08	4.42378222942352294922e-08	9.63918864727020263672e-08	9.12696123123168945312e-08	7.82310962677001953125e-08	2.93366611003875732422e-08	8.61473381519317626953e-08	2.93366611003875732422e-08	9.63918864727020263672e-08	4.65661287307739257812e-08	1.01979821920394897461e-07	6.33299350738525390625e-08	4.65661287307739257812e-08	8.61473381519317626953e-08	9.63918864727020263672e-08	6.00703060626983642578e-08	8.61473381519317626953e-08	8.61473381519317626953e-08	6.00703060626983642578e-08	1.01979821920394897461e-07	4.09781932830810546875e-08	8.75443220138549804688e-08	9.31322574615478515625e-08	7.63684511184692382812e-08	8.61473381519317626953e-08	9.31322574615478515625e-08	8.61473381519317626953e-08	7.63684511184692382812e-08	6.89178705215454101562e-08	
5.68106770515441894531e-08	9.03382897377014160156e-08	5.82076609134674072266e-08	1.14552676677703857422e-07	8.24220478534698486328e-08	9.54605638980865478516e-08	7.21774995326995849609e-08	6.70552253723144531250e-08	8.61473381519317626953e-08	7.21774995326995849609e-08	0.00000000000000000000e+00	7.91624188423156738281e-08	7.91624188423156738281e-08	7.82310962677001953125e-08	4.28408384323120117188e-08	9.77888703346252441406e-08	7.07805156707763671875e-08	7.07805156707763671875e-08	6.14672899246215820312e-08	7.91624188423156738281e-08	7.68341124057769775391e-08	9.03382897377014160156e-08	5.49480319023132324219e-08	7.72997736930847167969e-08	8.28877091407775878906e-08	8.38190317153930664062e-08	9.49949026107788085938e-08	9.08039510250091552734e-08	5.63450157642364501953e-08	7.68341124057769775391e-08	5.63450157642364501953e-08	1.05239450931549072266e-07	5.63450157642364501953e-08	6.89178705215454101562e-08	5.58793544769287109375e-08	4.42378222942352294922e-08	7.40401446819305419922e-08	8.61473381519317626953e-08	4.88944351673126220703e-08	4.42378222942352294922e-08	9.63918864727020263672e-08	9.12696123123168945312e-08	7.82310962677001953125e-08	2.93366611003875732422e-08	8.61473381519317626953e-08	2.93366611003875732422e-08	9.63918864727020263672e-08	4.65661287307739257812e-08	1.01979821920394897461e-07	6.33299350738525390625e-08	4.65661287307739257812e-08	8.61473381519317626953e-08	9.63918864727020263672e-08	6.00703060626983642578e-08	8.61473381519317626953e-08	8.61473381519317626953e-08	6.00703060626983642578e-08	1.01979821920394897461e-07	4.09781932830810546875e-08	8.75443220138549804688e-08	9.31322574615478515625e-08	7.63684511184692382812e-08	8.61473381519317626953e-08	9.31322574615478515625e-08	8.61473381519317626953e-08	7.63684511184692382812e-08	6.89178705215454101562e-08	
6.47269189357757568359e-08	1.10827386379241943359e-07	4.19095158576965332031e-08	9.22009348869323730469e-08	9.63918864727020263672e-08	6.47269189357757568359e-08	7.91624188423156738281e-08	8.75443220138549804688e-08	7.03148543834686279297e-08	7.91624188423156738281e-08	7.91624188423156738281e-08	0.00000000000000000000e+00	5.16884028911590576172e-08	5.72763383388519287109e-08	5.91389834880828857422e-08	9.54605638980865478516e-08	7.86967575550079345703e-08	7.86967575550079345703e-08	1.01979821920394897461e-07	5.16884028911590576172e-08	8.80099833011627197266e-08	7.21774995326995849609e-08	5.58793544769287109375e-08	6.19329512119293212891e-08	8.75443220138549804688e-08	5.16884028911590576172e-08	1.01514160633087158203e-07	7.21774995326995849609e-08	8.33533704280853271484e-08	1.18743628263473510742e-07	8.33533704280853271484e-08	3.81842255592346191406e-08	8.33533704280853271484e-08	6.70552253723144531250e-08	7.68341124057769775391e-08	8.98726284503936767578e-08	9.08039510250091552734e-08	7.91624188423156738281e-08	7.17118382453918457031e-08	8.98726284503936767578e-08	6.93835318088531494141e-08	1.03842467069625854492e-07	1.04773789644241333008e-07	7.77654349803924560547e-08	7.91624188423156738281e-08	7.77654349803924560547e-08	6.93835318088531494141e-08	6.00703060626983642578e-08	4.70317900180816650391e-08	5.96046447753906250000e-08	6.00703060626983642578e-08	7.91624188423156738281e-08	6.93835318088531494141e-08	8.24220478534698486328e-08	7.91624188423156738281e-08	7.91624188423156738281e-08	8.24220478534698486328e-08	4.70317900180816650391e-08	4.70317900180816650391e-08	1.95577740669250488281e-08	6.33299350738525390625e-08	9.87201929092407226562e-08	9.08039510250091552734e-08	6.33299350738525390625e-08	7.96280801296234130859e-08	9.87201929092407226562e-08	8.94069671630859375000e-08	
6.47269189357757568359e-08	1.10827386379241943359e-07	4.19095158576965332031e-08	9.22009348869323730469e-08	9.63918864727020263672e-08	6.47269189357757568359e-08	7.91624188423156738281e-08	8.75443220138549804688e-08	7.03148543834686279297e-08	7.91624188423156738281e-08	7.91624188423156738281e-08	5.16884028911590576172e-08	0.00000000000000000000e+00	5.72763383388519287109e-08	5.91389834880828857422e-08	9.54605638980865478516e-08	7.86967575550079345703e-08	7.86967575550079345703e-08	1.01979821920394897461e-07	5.16884028911590576172e-08	8.80099833011627197266e-08	7.21774995326995849609e-08	5.58793544769287109375e-08	6.19329512119293212891e-08	8.75443220138549804688e-08	5.16884028911590576172e-08	1.01514160633087158203e-07	7.21774995326995849609e-08	8.33533704280853271484e-08	1.18743628263473510742e-07	8.33533704280853271484e-08	3.81842255592346191406e-08	8.33533704280853271484e-08	6.70552253723144531250e-08	7.68341124057769775391e-08	8.98726284503936767578e-08	9.08039510250091552734e-08	7.91624188423156738281e-08	7.17118382453918457031e-08	8.98726284503936767578e-08	6.93835318088531494141e-08	1.03842467069625854492e-07	1.04773789644241333008e-07	7.77654349803924560547e-08	7.91624188423156738281e-08	7.77654349803924560547e-08	6.93835318088531494141e-08	6.00703060626983642578e-08	4.70317900180816650391e-08	5.96046447753906250000e-08	6.00703060626983642578e-08	7.91624188423156738281e-08	6.93835318088531494141e-08	8.24220478534698486328e-08	7.91624188423156738281e-08	7.91624188423156738281e-08	8.24220478534698486328e-08	4.70317900180816650391e-08	4.70317900180816650391e-08	1.95577740669250488281e-08	6.33299350738525390625e-08	9.87201929092407226562e-08	9.08039510250091552734e-08	6.33299350738525390625e-08	7.96280801296234130859e-08	9.87201929092407226562e-08	8.94069671630859375000e-08	
6.89178705215454101562e-08	5.21540641784667968750e-08	8.24220478534698486328e-08	7.68341124057769775391e-08	9.40635800361633300781e-08	6.05359673500061035156e-08	7.82310962677001953125e-08	6.51925802230834960938e-08	1.00117176771163940430e-07	7.82310962677001953125e-08	7.82310962677001953125e-08	5.72763383388519287109e-08	5.72763383388519287109e-08	0.00000000000000000000e+00	9.17352735996246337891e-08	8.70786607265472412109e-08	6.98491930961608886719e-08	6.98491930961608886719e-08	1.32247805595397949219e-07	5.72763383388519287109e-08	7.63684511184692382812e-08	6.70552253723144531250e-08	9.22009348869323730469e-08	1.26659870147705078125e-07	4.70317900180816650391e-08	4.56348061561584472656e-08	5.49480319023132324219e-08	6.70552253723144531250e-08	1.43423676490783691406e-07	9.73232090473175048828e-08	1.43423676490783691406e-07	1.08499079942703247070e-07	1.43423676490783691406e-07	1.05239450931549072266e-07	9.08039510250091552734e-08	6.00703060626983642578e-08	8.80099833011627197266e-08	3.86498868465423583984e-08	1.11758708953857421875e-07	6.00703060626983642578e-08	9.54605638980865478516e-08	6.10016286373138427734e-08	4.70317900180816650391e-08	8.05594027042388916016e-08	3.86498868465423583984e-08	8.05594027042388916016e-08	9.54605638980865478516e-08	5.63450157642364501953e-08	4.05125319957733154297e-08	9.40635800361633300781e-08	5.63450157642364501953e-08	3.86498868465423583984e-08	9.54605638980865478516e-08	8.05594027042388916016e-08	3.86498868465423583984e-08	3.86498868465423583984e-08	8.05594027042388916016e-08	4.05125319957733154297e-08	8.47503542900085449219e-08	7.35744833946228027344e-08	6.75208866596221923828e-08	4.47034835815429687500e-08	9.31322574615478515625e-08	6.75208866596221923828e-08	3.86498868465423583984e-08	4.47034835815429687500e-08	9.35979187488555908203e-08	
7.49714672565460205078e-08	6.05359673500061035156e-08	5.30853867530822753906e-08	8.61473381519317626953e-08	8.47503542900085449219e-08	1.08964741230010986328e-07	4.28408384323120117188e-08	7.91624188423156738281e-08	6.79865479469299316406e-08	4.28408384323120117188e-08	4.28408384323120117188e-08	5.91389834880828857422e-08	5.91389834880828857422e-08	9.17352735996246337891e-08	0.00000000000000000000e+00	9.08039510250091552734e-08	8.10250639915466308594e-08	8.10250639915466308594e-08	1.04308128356933593750e-07	5.91389834880828857422e-08	8.84756445884704589844e-08	8.75443220138549804688e-08	6.23986124992370605469e-08	4.05125319957733154297e-08	1.11758708953857421875e-07	8.80099833011627197266e-08	7.96280801296234130859e-08	8.84756445884704589844e-08	7.72997736930847167969e-08	1.00582838058471679688e-07	7.72997736930847167969e-08	8.89413058757781982422e-08	7.72997736930847167969e-08	7.68341124057769775391e-08	1.15483999252319335938e-07	9.12696123123168945312e-08	9.82545316219329833984e-08	4.23751771450042724609e-08	1.01979821920394897461e-07	9.12696123123168945312e-08	7.82310962677001953125e-08	1.24331563711166381836e-07	1.19209289550781250000e-07	6.42612576484680175781e-08	4.23751771450042724609e-08	6.42612576484680175781e-08	7.82310962677001953125e-08	7.82310962677001953125e-08	4.09781932830810546875e-08	5.63450157642364501953e-08	7.82310962677001953125e-08	4.23751771450042724609e-08	7.82310962677001953125e-08	9.91858541965484619141e-08	4.23751771450042724609e-08	4.23751771450042724609e-08	9.91858541965484619141e-08	4.09781932830810546875e-08	9.40635800361633300781e-08	2.28174030780792236328e-08	7.40401446819305419922e-08	1.15018337965011596680e-07	1.02445483207702636719e-07	7.40401446819305419922e-08	4.28408384323120117188e-08	1.15483999252319335938e-07	7.45058059692382812500e-08	
5.77419996261596679688e-08	2.46800482273101806641e-08	9.77888703346252441406e-08	5.35510480403900146484e-08	8.42846930027008056641e-08	8.19563865661621093750e-08	9.77888703346252441406e-08	5.21540641784667968750e-08	7.31088221073150634766e-08	9.77888703346252441406e-08	9.77888703346252441406e-08	9.54605638980865478516e-08	9.54605638980865478516e-08	8.70786607265472412109e-08	9.08039510250091552734e-08	0.00000000000000000000e+00	7.63684511184692382812e-08	7.63684511184692382812e-08	7.77654349803924560547e-08	9.54605638980865478516e-08	8.33533704280853271484e-08	8.14907252788543701172e-08	9.68575477600097656250e-08	9.31322574615478515625e-08	4.61004674434661865234e-08	5.21540641784667968750e-08	9.54605638980865478516e-08	8.19563865661621093750e-08	7.12461769580841064453e-08	1.58324837684631347656e-08	7.12461769580841064453e-08	8.80099833011627197266e-08	7.12461769580841064453e-08	1.01514160633087158203e-07	8.56816768646240234375e-08	9.45292413234710693359e-08	2.28174030780792236328e-08	7.86967575550079345703e-08	2.98023223876953125000e-08	9.45292413234710693359e-08	8.94069671630859375000e-08	4.28408384323120117188e-08	4.98257577419281005859e-08	7.82310962677001953125e-08	7.86967575550079345703e-08	7.82310962677001953125e-08	8.94069671630859375000e-08	4.98257577419281005859e-08	6.61239027976989746094e-08	4.74974513053894042969e-08	4.98257577419281005859e-08	7.86967575550079345703e-08	8.94069671630859375000e-08	5.35510480403900146484e-08	7.86967575550079345703e-08	7.86967575550079345703e-08	5.35510480403900146484e-08	6.61239027976989746094e-08	7.77654349803924560547e-08	6.37955963611602783203e-08	9.68575477600097656250e-08	7.17118382453918457031e-08	2.42143869400024414062e-08	9.68575477600097656250e-08	7.86967575550079345703e-08	7.17118382453918457031e-08	1.01048499345779418945e-07	
5.82076609134674072266e-08	1.81607902050018310547e-08	9.59262251853942871094e-08	8.00937414169311523438e-08	8.38190317153930664062e-08	9.35979187488555908203e-08	7.07805156707763671875e-08	3.58559191226959228516e-08	5.82076609134674072266e-08	7.07805156707763671875e-08	7.07805156707763671875e-08	7.86967575550079345703e-08	7.86967575550079345703e-08	6.98491930961608886719e-08	8.10250639915466308594e-08	7.63684511184692382812e-08	0.00000000000000000000e+00	8.10250639915466308594e-08	5.96046447753906250000e-08	7.86967575550079345703e-08	8.80099833011627197266e-08	5.30853867530822753906e-08	9.31322574615478515625e-08	1.72294676303863525391e-08	6.00703060626983642578e-08	9.35979187488555908203e-08	5.40167093276977539062e-08	5.30853867530822753906e-08	4.88944351673126220703e-08	2.14204192161560058594e-08	4.88944351673126220703e-08	6.05359673500061035156e-08	4.88944351673126220703e-08	1.18277966976165771484e-07	6.33299350738525390625e-08	1.01979821920394897461e-07	5.91389834880828857422e-08	9.77888703346252441406e-08	9.54605638980865478516e-08	1.01979821920394897461e-07	4.51691448688507080078e-08	8.80099833011627197266e-08	5.54136931896209716797e-08	8.84756445884704589844e-08	9.77888703346252441406e-08	8.84756445884704589844e-08	4.51691448688507080078e-08	9.49949026107788085938e-08	7.86967575550079345703e-08	7.86967575550079345703e-08	9.49949026107788085938e-08	9.77888703346252441406e-08	4.51691448688507080078e-08	1.90921127796173095703e-08	9.77888703346252441406e-08	9.77888703346252441406e-08	1.90921127796173095703e-08	7.86967575550079345703e-08	8.10250639915466308594e-08	9.77888703346252441406e-08	7.63684511184692382812e-08	5.12227416038513183594e-08	6.51925802230834960938e-08	7.63684511184692382812e-08	9.77888703346252441406e-08	5.12227416038513183594e-08	7.12461769580841064453e-08	
5.82076609134674072266e-08	1.81607902050018310547e-08	9.59262251853942871094e-08	8.00937414169311523438e-08	8.38190317153930664062e-08	9.35979187488555908203e-08	7.07805156707763671875e-08	3.58559191226959228516e-08	5.82076609134674072266e-08	7.07805156707763671875e-08	7.07805156707763671875e-08	7.86967575550079345703e-08	7.86967575550079345703e-08	6.98491930961608886719e-08	8.10250639915466308594e-08	7.63684511184692382812e-08	8.10250639915466308594e-08	0.00000000000000000000e+00	5.96046447753906250000e-08	7.86967575550079345703e-08	8.80099833011627197266e-08	5.30853867530822753906e-08	9.31322574615478515625e-08	1.72294676303863525391e-08	6.00703060626983642578e-08	9.35979187488555908203e-08	5.40167093276977539062e-08	5.30853867530822753906e-08	4.88944351673126220703e-08	2.14204192161560058594e-08	4.88944351673126220703e-08	6.05359673500061035156e-08	4.88944351673126220703e-08	1.18277966976165771484e-07	6.33299350738525390625e-08	1.01979821920394897461e-07	5.91389834880828857422e-08	9.77888703346252441406e-08	9.54605638980865478516e-08	1.01979821920394897461e-07	4.51691448688507080078e-08	8.80099833011627197266e-08	5.54136931896209716797e-08	8.84756445884704589844e-08	9.77888703346252441406e-08	8.84756445884704589844e-08	4.51691448688507080078e-08	9.49949026107788085938e-08	7.86967575550079345703e-08	7.86967575550079345703e-08	9.49949026107788085938e-08	9.77888703346252441406e-08	4.51691448688507080078e-08	1.90921127796173095703e-08	9.77888703346252441406e-08	9.77888703346252441406e-08	1.90921127796173095703e-08	7.86967575550079345703e-08	8.10250639915466308594e-08	9.77888703346252441406e-08	7.63684511184692382812e-08	5.12227416038513183594e-08	6.51925802230834960938e-08	7.63684511184692382812e-08	9.77888703346252441406e-08	5.12227416038513183594e-08	7.12461769580841064453e-08	
8.28877091407775878906e-08	1.07102096080780029297e-07	8.38190317153930664062e-08	1.08964741230010986328e-07	8.66129994392395019531e-08	7.96280801296234130859e-08	6.14672899246215820312e-08	1.08964741230010986328e-07	1.01979821920394897461e-07	6.14672899246215820312e-08	6.14672899246215820312e-08	1.01979821920394897461e-07	1.01979821920394897461e-07	1.32247805595397949219e-07	1.03842467069625854492e-07	7.77654349803924560547e-08	5.96046447753906250000e-08	5.96046447753906250000e-08	0.00000000000000000000e+00	1.01979821920394897461e-07	7.03148543834686279297e-08	9.91858541965484619141e-08	9.68575477600097656250e-08	7.68341124057769775391e-08	3.16649675369262695312e-08	7.35744833946228027344e-08	8.84756445884704589844e-08	9.91858541965484619141e-08	5.72763383388519287109e-08	9.91858541965484619141e-08	5.72763383388519287109e-08	6.33299350738525390625e-08	5.72763383388519287109e-08	6.42612576484680175781e-08	1.01979821920394897461e-07	9.26665961742401123047e-08	8.33533704280853271484e-08	3.25962901115417480469e-08	6.00703060626983642578e-08	9.26665961742401123047e-08	9.22009348869323730469e-08	2.93366611003875732422e-08	1.03842467069625854492e-07	4.47034835815429687500e-08	3.25962901115417480469e-08	4.47034835815429687500e-08	9.22009348869323730469e-08	6.28642737865447998047e-08	2.65426933765411376953e-08	7.68341124057769775391e-08	6.28642737865447998047e-08	3.25962901115417480469e-08	9.22009348869323730469e-08	7.96280801296234130859e-08	3.25962901115417480469e-08	3.25962901115417480469e-08	7.96280801296234130859e-08	2.65426933765411376953e-08	1.10361725091934204102e-07	9.49949026107788085938e-08	8.75443220138549804688e-08	1.05705112218856811523e-07	8.00937414169311523438e-08	8.75443220138549804688e-08	3.25962901115417480469e-08	1.05705112218856811523e-07	8.75443220138549804688e-08	
6.47269189357757568359e-08	1.10827386379241943359e-07	4.19095158576965332031e-08	9.22009348869323730469e-08	9.63918864727020263672e-08	6.47269189357757568359e-08	7.91624188423156738281e-08	8.75443220138549804688e-08	7.03148543834686279297e-08	7.91624188423156738281e-08	7.91624188423156738281e-08	5.16884028911590576172e-08	5.16884028911590576172e-08	5.72763383388519287109e-08	5.91389834880828857422e-08	9.54605638980865478516e-08	7.86967575550079345703e-08	7.86967575550079345703e-08	1.01979821920394897461e-07	0.00000000000000000000e+00	8.80099833011627197266e-08	7.21774995326995849609e-08	5.58793544769287109375e-08	6.19329512119293212891e-08	8.75443220138549804688e-08	5.16884028911590576172e-08	1.01514160633087158203e-07	7.21774995326995849609e-08	8.33533704280853271484e-08	1.18743628263473510742e-07	8.33533704280853271484e-08	3.81842255592346191406e-08	8.33533704280853271484e-08	6.70552253723144531250e-08	7.68341124057769775391e-08	8.98726284503936767578e-08	9.08039510250091552734e-08	7.91624188423156738281e-08	7.17118382453918457031e-08	8.98726284503936767578e-08	6.93835318088531494141e-08	1.03842467069625854492e-07	1.04773789644241333008e-07	7.77654349803924560547e-08	7.91624188423156738281e-08	7.77654349803924560547e-08	6.93835318088531494141e-08	6.00703060626983642578e-08	4.70317900180816650391e-08	5.96046447753906250000e-08	6.00703060626983642578e-08	7.91624188423156738281e-08	6.93835318088531494141e-08	8.24220478534698486328e-08	7.91624188423156738281e-08	7.91624188423156738281e-08	8.24220478534698486328e-08	4.70317900180816650391e-08	4.70317900180816650391e-08	1.95577740669250488281e-08	6.33299350738525390625e-08	9.87201929092407226562e-08	9.08039510250091552734e-08	6.33299350738525390625e-08	7.96280801296234130859e-08	9.87201929092407226562e-08	8.94069671630859375000e-08	
6.51925802230834960938e-08	2.51457095146179199219e-08	1.02445483207702636719e-07	8.61473381519317626953e-08	9.12696123123168945312e-08	1.01514160633087158203e-07	7.68341124057769775391e-08	4.37721610069274902344e-08	6.42612576484680175781e-08	7.68341124057769775391e-08	7.68341124057769775391e-08	8.80099833011627197266e-08	8.80099833011627197266e-08	7.63684511184692382812e-08	8.84756445884704589844e-08	8.33533704280853271484e-08	8.80099833011627197266e-08	8.80099833011627197266e-08	7.03148543834686279297e-08	8.80099833011627197266e-08	0.00000000000000000000e+00	5.96046447753906250000e-08	1.00117176771163940430e-07	2.51457095146179199219e-08	6.89178705215454101562e-08	9.87201929092407226562e-08	6.14672899246215820312e-08	5.96046447753906250000e-08	5.44823706150054931641e-08	2.60770320892333984375e-08	5.44823706150054931641e-08	7.12461769580841064453e-08	5.44823706150054931641e-08	1.27125531435012817383e-07	6.93835318088531494141e-08	1.09430402517318725586e-07	6.56582415103912353516e-08	1.02911144495010375977e-07	1.02911144495010375977e-07	1.09430402517318725586e-07	5.44823706150054931641e-08	9.49949026107788085938e-08	6.42612576484680175781e-08	9.35979187488555908203e-08	1.02911144495010375977e-07	9.35979187488555908203e-08	5.44823706150054931641e-08	1.02445483207702636719e-07	8.33533704280853271484e-08	8.33533704280853271484e-08	1.02445483207702636719e-07	1.02911144495010375977e-07	5.44823706150054931641e-08	2.56113708019256591797e-08	1.02911144495010375977e-07	1.02911144495010375977e-07	2.56113708019256591797e-08	8.33533704280853271484e-08	8.98726284503936767578e-08	1.04773789644241333008e-07	8.14907252788543701172e-08	5.72763383388519287109e-08	7.40401446819305419922e-08	8.14907252788543701172e-08	1.02911144495010375977e-07	5.72763383388519287109e-08	7.63684511184692382812e-08	
5.54136931896209716797e-08	5.35510480403900146484e-08	8.28877091407775878906e-08	7.12461769580841064453e-08	9.59262251853942871094e-08	5.86733222007751464844e-08	9.03382897377014160156e-08	6.98491930961608886719e-08	7.45058059692382812500e-08	9.03382897377014160156e-08	9.03382897377014160156e-08	7.21774995326995849609e-08	7.21774995326995849609e-08	6.70552253723144531250e-08	8.75443220138549804688e-08	8.14907252788543701172e-08	5.30853867530822753906e-08	5.30853867530822753906e-08	9.91858541965484619141e-08	7.21774995326995849609e-08	5.96046447753906250000e-08	0.00000000000000000000e+00	7.03148543834686279297e-08	9.68575477600097656250e-08	7.21774995326995849609e-08	7.40401446819305419922e-08	9.63918864727020263672e-08	1.15483999252319335938e-07	6.84522092342376708984e-08	7.72997736930847167969e-08	6.84522092342376708984e-08	1.00117176771163940430e-07	6.84522092342376708984e-08	5.35510480403900146484e-08	6.56582415103912353516e-08	5.44823706150054931641e-08	8.84756445884704589844e-08	6.47269189357757568359e-08	6.10016286373138427734e-08	5.44823706150054931641e-08	1.10827386379241943359e-07	5.12227416038513183594e-08	6.23986124992370605469e-08	7.45058059692382812500e-08	6.47269189357757568359e-08	7.45058059692382812500e-08	1.10827386379241943359e-07	5.54136931896209716797e-08	9.22009348869323730469e-08	1.10361725091934204102e-07	5.54136931896209716797e-08	6.47269189357757568359e-08	1.10827386379241943359e-07	7.07805156707763671875e-08	6.47269189357757568359e-08	6.47269189357757568359e-08	7.07805156707763671875e-08	9.22009348869323730469e-08	8.14907252788543701172e-08	9.54605638980865478516e-08	1.08033418655395507812e-07	5.91389834880828857422e-08	8.66129994392395019531e-08	1.08033418655395507812e-07	6.47269189357757568359e-08	5.96046447753906250000e-08	3.67872416973114013672e-08	
