0.00000000000000000000e+00	9.77888703346252441406e-09	1.07102096080780029297e-08	7.45058059692382812500e-09	1.16415321826934814453e-08	1.16415321826934814453e-08	6.98491930961608886719e-09	6.98491930961608886719e-09	1.07102096080780029297e-08	1.53668224811553955078e-08	7.91624188423156738281e-09	2.32830643653869628906e-09	2.32830643653869628906e-09	1.53668224811553955078e-08	1.07102096080780029297e-08	1.44354999065399169922e-08	8.84756445884704589844e-09	7.91624188423156738281e-09	8.38190317153930664062e-09	8.84756445884704589844e-09	5.12227416038513183594e-09	7.45058059692382812500e-09	9.31322574615478515625e-09	1.11758708953857421875e-08	9.31322574615478515625e-09	1.16415321826934814453e-08	1.62981450557708740234e-08	1.16415321826934814453e-08	1.39698386192321777344e-08	8.38190317153930664062e-09	1.44354999065399169922e-08	9.77888703346252441406e-09	1.81607902050018310547e-08	1.81607902050018310547e-08	1.11758708953857421875e-08	1.81607902050018310547e-08	1.81607902050018310547e-08	7.91624188423156738281e-09	6.05359673500061035156e-09	9.31322574615478515625e-09	1.07102096080780029297e-08	1.44354999065399169922e-08	1.07102096080780029297e-08	1.07102096080780029297e-08	8.84756445884704589844e-09	1.07102096080780029297e-08	1.30385160446166992188e-08	1.07102096080780029297e-08	6.98491930961608886719e-09	1.44354999065399169922e-08	8.84756445884704589844e-09	1.86264514923095703125e-08	1.16415321826934814453e-08	6.05359673500061035156e-09	1.11758708953857421875e-08	8.38190317153930664062e-09	9.77888703346252441406e-09	1.44354999065399169922e-08	6.05359673500061035156e-09	1.67638063430786132812e-08	1.35041773319244384766e-08	1.35041773319244384766e-08	1.16415321826934814453e-08	1.02445483207702636719e-08	1.86264514923095703125e-08	1.07102096080780029297e-08	1.25728547573089599609e-08	1.72294676303863525391e-08	
9.77888703346252441406e-09	0.00000000000000000000e+00	1.11758708953857421875e-08	1.62981450557708740234e-08	8.38190317153930664062e-09	8.38190317153930664062e-09	1.21071934700012207031e-08	1.21071934700012207031e-08	2.00234353542327880859e-08	1.62981450557708740234e-08	8.84756445884704589844e-09	9.77888703346252441406e-09	9.77888703346252441406e-09	1.35041773319244384766e-08	1.11758708953857421875e-08	1.16415321826934814453e-08	1.35041773319244384766e-08	1.21071934700012207031e-08	6.51925802230834960938e-09	9.31322574615478515625e-09	1.02445483207702636719e-08	1.21071934700012207031e-08	1.11758708953857421875e-08	1.53668224811553955078e-08	1.07102096080780029297e-08	6.05359673500061035156e-09	9.31322574615478515625e-09	1.02445483207702636719e-08	9.31322574615478515625e-09	6.51925802230834960938e-09	1.21071934700012207031e-08	1.67638063430786132812e-08	2.60770320892333984375e-08	2.60770320892333984375e-08	1.11758708953857421875e-08	2.60770320892333984375e-08	2.60770320892333984375e-08	1.39698386192321777344e-08	1.11758708953857421875e-08	1.76951289176940917969e-08	1.07102096080780029297e-08	1.16415321826934814453e-08	1.72294676303863525391e-08	6.51925802230834960938e-09	9.31322574615478515625e-09	9.31322574615478515625e-09	8.84756445884704589844e-09	1.07102096080780029297e-08	1.02445483207702636719e-08	1.44354999065399169922e-08	6.51925802230834960938e-09	2.14204192161560058594e-08	6.51925802230834960938e-09	1.44354999065399169922e-08	1.30385160446166992188e-08	1.30385160446166992188e-08	1.35041773319244384766e-08	1.16415321826934814453e-08	9.77888703346252441406e-09	1.35041773319244384766e-08	1.58324837684631347656e-08	1.58324837684631347656e-08	1.02445483207702636719e-08	6.51925802230834960938e-09	2.14204192161560058594e-08	1.30385160446166992188e-08	1.49011611938476562500e-08	1.62981450557708740234e-08	
1.07102096080780029297e-08	1.11758708953857421875e-08	0.00000000000000000000e+00	7.45058059692382812500e-09	1.11758708953857421875e-08	1.11758708953857421875e-08	1.07102096080780029297e-08	1.07102096080780029297e-08	6.98491930961608886719e-09	1.67638063430786132812e-08	9.77888703346252441406e-09	8.84756445884704589844e-09	8.84756445884704589844e-09	1.07102096080780029297e-08	1.58324837684631347656e-08	1.07102096080780029297e-08	6.98491930961608886719e-09	1.11758708953857421875e-08	6.51925802230834960938e-09	9.31322574615478515625e-09	9.31322574615478515625e-09	6.98491930961608886719e-09	1.67638063430786132812e-08	9.31322574615478515625e-09	9.77888703346252441406e-09	9.77888703346252441406e-09	1.53668224811553955078e-08	1.35041773319244384766e-08	7.45058059692382812500e-09	1.35041773319244384766e-08	1.02445483207702636719e-08	1.39698386192321777344e-09	1.25728547573089599609e-08	1.25728547573089599609e-08	5.12227416038513183594e-09	1.25728547573089599609e-08	1.25728547573089599609e-08	6.51925802230834960938e-09	6.51925802230834960938e-09	1.86264514923095703125e-09	8.38190317153930664062e-09	1.21071934700012207031e-08	1.07102096080780029297e-08	9.77888703346252441406e-09	6.98491930961608886719e-09	7.45058059692382812500e-09	1.07102096080780029297e-08	8.38190317153930664062e-09	6.05359673500061035156e-09	9.77888703346252441406e-09	9.31322574615478515625e-09	1.44354999065399169922e-08	1.16415321826934814453e-08	6.51925802230834960938e-09	1.35041773319244384766e-08	2.32830643653869628906e-09	5.12227416038513183594e-09	1.21071934700012207031e-08	1.02445483207702636719e-08	6.05359673500061035156e-09	1.30385160446166992188e-08	1.30385160446166992188e-08	7.45058059692382812500e-09	1.02445483207702636719e-08	8.38190317153930664062e-09	9.77888703346252441406e-09	1.30385160446166992188e-08	1.21071934700012207031e-08	
7.45058059692382812500e-09	1.62981450557708740234e-08	7.45058059692382812500e-09	0.00000000000000000000e+00	1.25728547573089599609e-08	1.25728547573089599609e-08	1.90921127796173095703e-08	1.90921127796173095703e-08	1.11758708953857421875e-08	9.77888703346252441406e-09	1.86264514923095703125e-08	1.07102096080780029297e-08	1.07102096080780029297e-08	1.25728547573089599609e-08	1.72294676303863525391e-08	1.25728547573089599609e-08	6.51925802230834960938e-09	1.25728547573089599609e-08	4.19095158576965332031e-09	6.98491930961608886719e-09	1.35041773319244384766e-08	5.58793544769287109375e-09	2.00234353542327880859e-08	6.05359673500061035156e-09	8.84756445884704589844e-09	6.05359673500061035156e-09	1.30385160446166992188e-08	1.16415321826934814453e-08	2.79396772384643554688e-09	1.81607902050018310547e-08	1.11758708953857421875e-08	1.35041773319244384766e-08	1.25728547573089599609e-08	1.25728547573089599609e-08	1.62981450557708740234e-08	1.25728547573089599609e-08	1.25728547573089599609e-08	8.38190317153930664062e-09	8.84756445884704589844e-09	7.45058059692382812500e-09	1.39698386192321777344e-08	7.45058059692382812500e-09	1.72294676303863525391e-08	1.53668224811553955078e-08	8.38190317153930664062e-09	1.39698386192321777344e-08	2.04890966415405273438e-08	1.39698386192321777344e-08	8.84756445884704589844e-09	1.21071934700012207031e-08	1.02445483207702636719e-08	7.91624188423156738281e-09	1.81607902050018310547e-08	5.58793544769287109375e-09	1.25728547573089599609e-08	9.31322574615478515625e-09	1.39698386192321777344e-08	7.45058059692382812500e-09	1.58324837684631347656e-08	4.65661287307739257812e-09	7.45058059692382812500e-09	7.45058059692382812500e-09	7.91624188423156738281e-09	1.25728547573089599609e-08	7.91624188423156738281e-09	1.39698386192321777344e-08	7.45058059692382812500e-09	8.38190317153930664062e-09	
1.16415321826934814453e-08	8.38190317153930664062e-09	1.11758708953857421875e-08	1.21071934700012207031e-08	0.00000000000000000000e+00	1.44354999065399169922e-08	1.53668224811553955078e-08	1.53668224811553955078e-08	2.00234353542327880859e-08	1.67638063430786132812e-08	1.30385160446166992188e-08	1.44354999065399169922e-08	1.44354999065399169922e-08	1.90921127796173095703e-08	6.98491930961608886719e-09	1.49011611938476562500e-08	1.07102096080780029297e-08	6.98491930961608886719e-09	1.02445483207702636719e-08	1.35041773319244384766e-08	1.44354999065399169922e-08	8.38190317153930664062e-09	1.44354999065399169922e-08	8.84756445884704589844e-09	1.67638063430786132812e-08	1.02445483207702636719e-08	1.30385160446166992188e-08	1.72294676303863525391e-08	1.25728547573089599609e-08	1.35041773319244384766e-08	1.62981450557708740234e-08	1.35041773319244384766e-08	2.28174030780792236328e-08	2.28174030780792236328e-08	1.35041773319244384766e-08	2.28174030780792236328e-08	2.28174030780792236328e-08	1.07102096080780029297e-08	1.90921127796173095703e-08	1.53668224811553955078e-08	1.67638063430786132812e-08	1.39698386192321777344e-08	1.62981450557708740234e-08	1.49011611938476562500e-08	1.02445483207702636719e-08	1.02445483207702636719e-08	1.39698386192321777344e-08	1.67638063430786132812e-08	1.58324837684631347656e-08	1.53668224811553955078e-08	1.21071934700012207031e-08	1.53668224811553955078e-08	1.49011611938476562500e-08	7.45058059692382812500e-09	1.67638063430786132812e-08	1.02445483207702636719e-08	8.84756445884704589844e-09	1.39698386192321777344e-08	1.02445483207702636719e-08	1.21071934700012207031e-08	1.72294676303863525391e-08	1.72294676303863525391e-08	9.77888703346252441406e-09	1.35041773319244384766e-08	1.53668224811553955078e-08	2.04890966415405273438e-08	1.53668224811553955078e-08	2.23517417907714843750e-08	
1.16415321826934814453e-08	8.38190317153930664062e-09	1.11758708953857421875e-08	1.21071934700012207031e-08	1.44354999065399169922e-08	0.00000000000000000000e+00	1.53668224811553955078e-08	1.53668224811553955078e-08	2.00234353542327880859e-08	1.67638063430786132812e-08	1.30385160446166992188e-08	1.44354999065399169922e-08	1.44354999065399169922e-08	1.90921127796173095703e-08	6.98491930961608886719e-09	1.49011611938476562500e-08	1.07102096080780029297e-08	6.98491930961608886719e-09	1.02445483207702636719e-08	1.35041773319244384766e-08	1.44354999065399169922e-08	8.38190317153930664062e-09	1.44354999065399169922e-08	8.84756445884704589844e-09	1.67638063430786132812e-08	1.02445483207702636719e-08	1.30385160446166992188e-08	1.72294676303863525391e-08	1.25728547573089599609e-08	1.35041773319244384766e-08	1.62981450557708740234e-08	1.35041773319244384766e-08	2.28174030780792236328e-08	2.28174030780792236328e-08	1.35041773319244384766e-08	2.28174030780792236328e-08	2.28174030780792236328e-08	1.07102096080780029297e-08	1.90921127796173095703e-08	1.53668224811553955078e-08	1.67638063430786132812e-08	1.39698386192321777344e-08	1.62981450557708740234e-08	1.49011611938476562500e-08	1.02445483207702636719e-08	1.02445483207702636719e-08	1.39698386192321777344e-08	1.67638063430786132812e-08	1.58324837684631347656e-08	1.53668224811553955078e-08	1.21071934700012207031e-08	1.53668224811553955078e-08	1.49011611938476562500e-08	7.45058059692382812500e-09	1.67638063430786132812e-08	1.02445483207702636719e-08	8.84756445884704589844e-09	1.39698386192321777344e-08	1.02445483207702636719e-08	1.21071934700012207031e-08	1.72294676303863525391e-08	1.72294676303863525391e-08	9.77888703346252441406e-09	1.35041773319244384766e-08	1.53668224811553955078e-08	2.04890966415405273438e-08	1.53668224811553955078e-08	2.23517417907714843750e-08	
6.98491930961608886719e-09	1.21071934700012207031e-08	1.07102096080780029297e-08	1.90921127796173095703e-08	1.53668224811553955078e-08	1.53668224811553955078e-08	0.00000000000000000000e+00	1.86264514923095703125e-08	1.67638063430786132812e-08	9.77888703346252441406e-09	1.72294676303863525391e-08	1.21071934700012207031e-08	1.21071934700012207031e-08	1.39698386192321777344e-08	1.49011611938476562500e-08	1.39698386192321777344e-08	1.67638063430786132812e-08	1.58324837684631347656e-08	1.49011611938476562500e-08	1.25728547573089599609e-08	1.30385160446166992188e-08	1.25728547573089599609e-08	1.39698386192321777344e-08	1.35041773319244384766e-08	1.86264514923095703125e-08	1.72294676303863525391e-08	9.77888703346252441406e-09	1.76951289176940917969e-08	1.25728547573089599609e-08	1.39698386192321777344e-08	1.44354999065399169922e-08	1.16415321826934814453e-08	2.28174030780792236328e-08	2.28174030780792236328e-08	1.25728547573089599609e-08	2.28174030780792236328e-08	2.28174030780792236328e-08	9.77888703346252441406e-09	1.30385160446166992188e-08	1.35041773319244384766e-08	1.25728547573089599609e-08	1.62981450557708740234e-08	9.77888703346252441406e-09	1.39698386192321777344e-08	9.31322574615478515625e-09	1.16415321826934814453e-08	9.77888703346252441406e-09	1.25728547573089599609e-08	1.11758708953857421875e-08	2.00234353542327880859e-08	9.77888703346252441406e-09	1.72294676303863525391e-08	1.11758708953857421875e-08	1.35041773319244384766e-08	1.02445483207702636719e-08	1.25728547573089599609e-08	1.02445483207702636719e-08	1.62981450557708740234e-08	9.31322574615478515625e-09	1.21071934700012207031e-08	9.31322574615478515625e-09	9.31322574615478515625e-09	1.39698386192321777344e-08	9.77888703346252441406e-09	1.72294676303863525391e-08	2.04890966415405273438e-08	9.77888703346252441406e-09	1.81607902050018310547e-08	
6.98491930961608886719e-09	1.21071934700012207031e-08	1.07102096080780029297e-08	1.90921127796173095703e-08	1.53668224811553955078e-08	1.53668224811553955078e-08	1.86264514923095703125e-08	0.00000000000000000000e+00	1.67638063430786132812e-08	9.77888703346252441406e-09	1.72294676303863525391e-08	1.21071934700012207031e-08	1.21071934700012207031e-08	1.39698386192321777344e-08	1.49011611938476562500e-08	1.39698386192321777344e-08	1.67638063430786132812e-08	1.58324837684631347656e-08	1.49011611938476562500e-08	1.25728547573089599609e-08	1.30385160446166992188e-08	1.25728547573089599609e-08	1.39698386192321777344e-08	1.35041773319244384766e-08	1.86264514923095703125e-08	1.72294676303863525391e-08	9.77888703346252441406e-09	1.76951289176940917969e-08	1.25728547573089599609e-08	1.39698386192321777344e-08	1.44354999065399169922e-08	1.16415321826934814453e-08	2.28174030780792236328e-08	2.28174030780792236328e-08	1.25728547573089599609e-08	2.28174030780792236328e-08	2.28174030780792236328e-08	9.77888703346252441406e-09	1.30385160446166992188e-08	1.35041773319244384766e-08	1.25728547573089599609e-08	1.62981450557708740234e-08	9.77888703346252441406e-09	1.39698386192321777344e-08	9.31322574615478515625e-09	1.16415321826934814453e-08	9.77888703346252441406e-09	1.25728547573089599609e-08	1.11758708953857421875e-08	2.00234353542327880859e-08	9.77888703346252441406e-09	1.72294676303863525391e-08	1.11758708953857421875e-08	1.35041773319244384766e-08	1.02445483207702636719e-08	1.25728547573089599609e-08	1.02445483207702636719e-08	1.62981450557708740234e-08	9.31322574615478515625e-09	1.21071934700012207031e-08	9.31322574615478515625e-09	9.31322574615478515625e-09	1.39698386192321777344e-08	9.77888703346252441406e-09	1.72294676303863525391e-08	2.04890966415405273438e-08	9.77888703346252441406e-09	1.81607902050018310547e-08	
1.07102096080780029297e-08	2.00234353542327880859e-08	6.98491930961608886719e-09	1.11758708953857421875e-08	2.00234353542327880859e-08	2.00234353542327880859e-08	1.67638063430786132812e-08	1.67638063430786132812e-08	0.00000000000000000000e+00	1.44354999065399169922e-08	1.25728547573089599609e-08	1.90921127796173095703e-08	1.90921127796173095703e-08	1.02445483207702636719e-08	2.28174030780792236328e-08	1.07102096080780029297e-08	1.39698386192321777344e-08	1.72294676303863525391e-08	1.62981450557708740234e-08	1.76951289176940917969e-08	1.30385160446166992188e-08	7.91624188423156738281e-09	1.95577740669250488281e-08	1.39698386192321777344e-08	1.62981450557708740234e-08	1.25728547573089599609e-08	1.07102096080780029297e-08	1.49011611938476562500e-08	6.51925802230834960938e-09	1.53668224811553955078e-08	1.30385160446166992188e-08	1.11758708953857421875e-08	8.84756445884704589844e-09	8.84756445884704589844e-09	1.16415321826934814453e-08	8.84756445884704589844e-09	8.84756445884704589844e-09	4.65661287307739257812e-09	9.31322574615478515625e-09	4.65661287307739257812e-09	2.14204192161560058594e-08	1.53668224811553955078e-08	1.49011611938476562500e-08	1.39698386192321777344e-08	1.07102096080780029297e-08	1.11758708953857421875e-08	1.62981450557708740234e-08	2.14204192161560058594e-08	1.49011611938476562500e-08	1.11758708953857421875e-08	1.02445483207702636719e-08	1.25728547573089599609e-08	1.81607902050018310547e-08	2.79396772384643554688e-09	1.21071934700012207031e-08	1.07102096080780029297e-08	9.31322574615478515625e-09	1.53668224811553955078e-08	8.38190317153930664062e-09	9.31322574615478515625e-09	1.39698386192321777344e-08	1.39698386192321777344e-08	5.12227416038513183594e-09	1.95577740669250488281e-08	1.25728547573089599609e-08	1.53668224811553955078e-08	9.77888703346252441406e-09	1.35041773319244384766e-08	
1.53668224811553955078e-08	1.62981450557708740234e-08	1.67638063430786132812e-08	9.77888703346252441406e-09	1.67638063430786132812e-08	1.67638063430786132812e-08	9.77888703346252441406e-09	9.77888703346252441406e-09	1.44354999065399169922e-08	0.00000000000000000000e+00	1.58324837684631347656e-08	1.90921127796173095703e-08	1.90921127796173095703e-08	1.53668224811553955078e-08	1.90921127796173095703e-08	8.84756445884704589844e-09	1.76951289176940917969e-08	1.86264514923095703125e-08	1.11758708953857421875e-08	1.62981450557708740234e-08	7.91624188423156738281e-09	1.30385160446166992188e-08	2.00234353542327880859e-08	1.44354999065399169922e-08	2.00234353542327880859e-08	1.21071934700012207031e-08	1.58324837684631347656e-08	1.72294676303863525391e-08	8.38190317153930664062e-09	1.76951289176940917969e-08	9.77888703346252441406e-09	8.84756445884704589844e-09	1.11758708953857421875e-08	1.11758708953857421875e-08	1.30385160446166992188e-08	1.11758708953857421875e-08	1.11758708953857421875e-08	1.02445483207702636719e-08	1.95577740669250488281e-08	6.51925802230834960938e-09	1.72294676303863525391e-08	1.49011611938476562500e-08	1.76951289176940917969e-08	1.72294676303863525391e-08	7.91624188423156738281e-09	1.16415321826934814453e-08	1.62981450557708740234e-08	1.72294676303863525391e-08	1.44354999065399169922e-08	2.00234353542327880859e-08	1.30385160446166992188e-08	1.16415321826934814453e-08	1.67638063430786132812e-08	1.30385160446166992188e-08	1.49011611938476562500e-08	1.25728547573089599609e-08	7.45058059692382812500e-09	1.49011611938476562500e-08	1.90921127796173095703e-08	1.02445483207702636719e-08	1.21071934700012207031e-08	1.21071934700012207031e-08	1.35041773319244384766e-08	1.49011611938476562500e-08	1.11758708953857421875e-08	1.72294676303863525391e-08	1.35041773319244384766e-08	1.44354999065399169922e-08	
7.45058059692382812500e-09	8.84756445884704589844e-09	9.77888703346252441406e-09	1.86264514923095703125e-08	1.30385160446166992188e-08	1.30385160446166992188e-08	1.72294676303863525391e-08	1.72294676303863525391e-08	1.25728547573089599609e-08	1.58324837684631347656e-08	0.00000000000000000000e+00	1.21071934700012207031e-08	1.21071934700012207031e-08	1.67638063430786132812e-08	1.95577740669250488281e-08	1.25728547573089599609e-08	1.25728547573089599609e-08	1.53668224811553955078e-08	1.11758708953857421875e-08	1.16415321826934814453e-08	1.16415321826934814453e-08	1.49011611938476562500e-08	1.11758708953857421875e-08	8.84756445884704589844e-09	1.53668224811553955078e-08	1.62981450557708740234e-08	5.12227416038513183594e-09	1.76951289176940917969e-08	1.53668224811553955078e-08	1.39698386192321777344e-08	1.30385160446166992188e-08	1.76951289176940917969e-08	1.62981450557708740234e-08	1.62981450557708740234e-08	1.44354999065399169922e-08	1.62981450557708740234e-08	1.62981450557708740234e-08	1.67638063430786132812e-08	1.49011611938476562500e-08	1.39698386192321777344e-08	1.30385160446166992188e-08	1.53668224811553955078e-08	1.86264514923095703125e-08	1.90921127796173095703e-08	1.30385160446166992188e-08	1.21071934700012207031e-08	2.00234353542327880859e-08	1.30385160446166992188e-08	1.11758708953857421875e-08	1.44354999065399169922e-08	1.21071934700012207031e-08	1.67638063430786132812e-08	1.81607902050018310547e-08	1.16415321826934814453e-08	1.35041773319244384766e-08	1.67638063430786132812e-08	1.39698386192321777344e-08	1.53668224811553955078e-08	9.77888703346252441406e-09	1.35041773319244384766e-08	1.53668224811553955078e-08	1.53668224811553955078e-08	1.25728547573089599609e-08	1.67638063430786132812e-08	1.62981450557708740234e-08	1.53668224811553955078e-08	1.67638063430786132812e-08	1.49011611938476562500e-08	
2.32830643653869628906e-09	9.77888703346252441406e-09	8.84756445884704589844e-09	1.07102096080780029297e-08	1.44354999065399169922e-08	1.44354999065399169922e-08	1.21071934700012207031e-08	1.21071934700012207031e-08	1.90921127796173095703e-08	1.90921127796173095703e-08	1.21071934700012207031e-08	0.00000000000000000000e+00	1.11758708953857421875e-08	1.44354999065399169922e-08	1.21071934700012207031e-08	1.44354999065399169922e-08	1.39698386192321777344e-08	1.07102096080780029297e-08	9.77888703346252441406e-09	1.35041773319244384766e-08	6.05359673500061035156e-09	1.02445483207702636719e-08	1.49011611938476562500e-08	5.58793544769287109375e-09	1.30385160446166992188e-08	6.05359673500061035156e-09	9.77888703346252441406e-09	1.90921127796173095703e-08	8.38190317153930664062e-09	9.31322574615478515625e-09	1.53668224811553955078e-08	1.30385160446166992188e-08	2.04890966415405273438e-08	2.04890966415405273438e-08	1.21071934700012207031e-08	2.04890966415405273438e-08	2.04890966415405273438e-08	1.11758708953857421875e-08	1.62981450557708740234e-08	1.07102096080780029297e-08	1.30385160446166992188e-08	1.62981450557708740234e-08	9.31322574615478515625e-09	6.51925802230834960938e-09	6.05359673500061035156e-09	1.02445483207702636719e-08	7.45058059692382812500e-09	1.30385160446166992188e-08	1.16415321826934814453e-08	1.49011611938476562500e-08	8.38190317153930664062e-09	1.49011611938476562500e-08	8.84756445884704589844e-09	8.84756445884704589844e-09	1.44354999065399169922e-08	8.84756445884704589844e-09	1.11758708953857421875e-08	1.62981450557708740234e-08	8.84756445884704589844e-09	8.84756445884704589844e-09	1.39698386192321777344e-08	1.39698386192321777344e-08	7.91624188423156738281e-09	7.91624188423156738281e-09	1.49011611938476562500e-08	1.76951289176940917969e-08	1.53668224811553955078e-08	1.53668224811553955078e-08	
2.32830643653869628906e-09	9.77888703346252441406e-09	8.84756445884704589844e-09	1.07102096080780029297e-08	1.44354999065399169922e-08	1.44354999065399169922e-08	1.21071934700012207031e-08	1.21071934700012207031e-08	1.90921127796173095703e-08	1.90921127796173095703e-08	1.21071934700012207031e-08	1.11758708953857421875e-08	0.00000000000000000000e+00	1.44354999065399169922e-08	1.21071934700012207031e-08	1.44354999065399169922e-08	1.39698386192321777344e-08	1.07102096080780029297e-08	9.77888703346252441406e-09	1.35041773319244384766e-08	6.05359673500061035156e-09	1.02445483207702636719e-08	1.49011611938476562500e-08	5.58793544769287109375e-09	1.30385160446166992188e-08	6.05359673500061035156e-09	9.77888703346252441406e-09	1.90921127796173095703e-08	8.38190317153930664062e-09	9.31322574615478515625e-09	1.53668224811553955078e-08	1.30385160446166992188e-08	2.04890966415405273438e-08	2.04890966415405273438e-08	1.21071934700012207031e-08	2.04890966415405273438e-08	2.04890966415405273438e-08	1.11758708953857421875e-08	1.62981450557708740234e-08	1.07102096080780029297e-08	1.30385160446166992188e-08	1.62981450557708740234e-08	9.31322574615478515625e-09	6.51925802230834960938e-09	6.05359673500061035156e-09	1.02445483207702636719e-08	7.45058059692382812500e-09	1.30385160446166992188e-08	1.16415321826934814453e-08	1.49011611938476562500e-08	8.38190317153930664062e-09	1.49011611938476562500e-08	8.84756445884704589844e-09	8.84756445884704589844e-09	1.44354999065399169922e-08	8.84756445884704589844e-09	1.11758708953857421875e-08	1.62981450557708740234e-08	8.84756445884704589844e-09	8.84756445884704589844e-09	1.39698386192321777344e-08	1.39698386192321777344e-08	7.91624188423156738281e-09	7.91624188423156738281e-09	1.49011611938476562500e-08	1.76951289176940917969e-08	1.53668224811553955078e-08	1.53668224811553955078e-08	
1.53668224811553955078e-08	1.35041773319244384766e-08	1.07102096080780029297e-08	1.25728547573089599609e-08	1.90921127796173095703e-08	1.90921127796173095703e-08	1.39698386192321777344e-08	1.39698386192321777344e-08	1.02445483207702636719e-08	1.53668224811553955078e-08	1.67638063430786132812e-08	1.44354999065399169922e-08	1.44354999065399169922e-08	0.00000000000000000000e+00	1.53668224811553955078e-08	9.31322574615478515625e-09	1.21071934700012207031e-08	1.62981450557708740234e-08	6.51925802230834960938e-09	1.49011611938476562500e-08	9.77888703346252441406e-09	1.11758708953857421875e-08	1.53668224811553955078e-08	1.62981450557708740234e-08	2.09547579288482666016e-08	9.77888703346252441406e-09	1.44354999065399169922e-08	1.90921127796173095703e-08	1.11758708953857421875e-08	1.35041773319244384766e-08	9.31322574615478515625e-09	1.07102096080780029297e-08	1.58324837684631347656e-08	1.58324837684631347656e-08	9.77888703346252441406e-09	1.58324837684631347656e-08	1.58324837684631347656e-08	6.51925802230834960938e-09	1.49011611938476562500e-08	7.45058059692382812500e-09	1.39698386192321777344e-08	1.39698386192321777344e-08	2.04890966415405273438e-08	1.72294676303863525391e-08	9.77888703346252441406e-09	1.21071934700012207031e-08	1.44354999065399169922e-08	1.39698386192321777344e-08	1.44354999065399169922e-08	1.35041773319244384766e-08	1.86264514923095703125e-08	1.30385160446166992188e-08	1.95577740669250488281e-08	1.25728547573089599609e-08	1.58324837684631347656e-08	9.77888703346252441406e-09	8.84756445884704589844e-09	1.39698386192321777344e-08	1.16415321826934814453e-08	8.84756445884704589844e-09	1.21071934700012207031e-08	1.21071934700012207031e-08	1.21071934700012207031e-08	1.90921127796173095703e-08	1.30385160446166992188e-08	1.72294676303863525391e-08	1.25728547573089599609e-08	1.25728547573089599609e-08	
1.07102096080780029297e-08	1.11758708953857421875e-08	1.58324837684631347656e-08	1.72294676303863525391e-08	6.98491930961608886719e-09	6.98491930961608886719e-09	1.49011611938476562500e-08	1.49011611938476562500e-08	2.28174030780792236328e-08	1.90921127796173095703e-08	1.95577740669250488281e-08	1.21071934700012207031e-08	1.21071934700012207031e-08	1.53668224811553955078e-08	0.00000000000000000000e+00	1.30385160446166992188e-08	1.62981450557708740234e-08	1.62981450557708740234e-08	1.21071934700012207031e-08	1.35041773319244384766e-08	9.77888703346252441406e-09	1.44354999065399169922e-08	1.72294676303863525391e-08	1.81607902050018310547e-08	1.30385160446166992188e-08	1.62981450557708740234e-08	1.35041773319244384766e-08	1.86264514923095703125e-08	1.58324837684631347656e-08	1.53668224811553955078e-08	1.62981450557708740234e-08	1.76951289176940917969e-08	2.37487256526947021484e-08	2.37487256526947021484e-08	1.39698386192321777344e-08	2.37487256526947021484e-08	2.37487256526947021484e-08	1.35041773319244384766e-08	1.95577740669250488281e-08	1.30385160446166992188e-08	1.76951289176940917969e-08	1.67638063430786132812e-08	2.09547579288482666016e-08	1.49011611938476562500e-08	1.30385160446166992188e-08	1.67638063430786132812e-08	1.67638063430786132812e-08	1.76951289176940917969e-08	1.67638063430786132812e-08	1.58324837684631347656e-08	1.39698386192321777344e-08	1.86264514923095703125e-08	1.49011611938476562500e-08	1.86264514923095703125e-08	1.90921127796173095703e-08	1.30385160446166992188e-08	1.25728547573089599609e-08	1.67638063430786132812e-08	1.30385160446166992188e-08	1.58324837684631347656e-08	1.86264514923095703125e-08	1.86264514923095703125e-08	1.58324837684631347656e-08	1.49011611938476562500e-08	1.53668224811553955078e-08	1.49011611938476562500e-08	2.04890966415405273438e-08	1.81607902050018310547e-08	
1.44354999065399169922e-08	1.16415321826934814453e-08	1.07102096080780029297e-08	1.25728547573089599609e-08	1.49011611938476562500e-08	1.49011611938476562500e-08	1.39698386192321777344e-08	1.39698386192321777344e-08	1.07102096080780029297e-08	8.84756445884704589844e-09	1.25728547573089599609e-08	1.44354999065399169922e-08	1.44354999065399169922e-08	9.31322574615478515625e-09	1.30385160446166992188e-08	0.00000000000000000000e+00	1.39698386192321777344e-08	1.35041773319244384766e-08	6.51925802230834960938e-09	1.62981450557708740234e-08	1.16415321826934814453e-08	1.07102096080780029297e-08	1.67638063430786132812e-08	1.62981450557708740234e-08	1.53668224811553955078e-08	1.35041773319244384766e-08	1.62981450557708740234e-08	7.45058059692382812500e-09	7.45058059692382812500e-09	1.81607902050018310547e-08	5.58793544769287109375e-09	8.38190317153930664062e-09	1.67638063430786132812e-08	1.67638063430786132812e-08	1.02445483207702636719e-08	1.67638063430786132812e-08	1.67638063430786132812e-08	7.91624188423156738281e-09	1.16415321826934814453e-08	6.51925802230834960938e-09	1.44354999065399169922e-08	8.38190317153930664062e-09	1.72294676303863525391e-08	1.35041773319244384766e-08	7.91624188423156738281e-09	7.45058059692382812500e-09	1.25728547573089599609e-08	1.44354999065399169922e-08	1.16415321826934814453e-08	1.35041773319244384766e-08	9.77888703346252441406e-09	6.05359673500061035156e-09	1.72294676303863525391e-08	1.11758708953857421875e-08	1.11758708953857421875e-08	1.02445483207702636719e-08	7.91624188423156738281e-09	8.38190317153930664062e-09	9.77888703346252441406e-09	7.45058059692382812500e-09	1.07102096080780029297e-08	1.07102096080780029297e-08	9.77888703346252441406e-09	1.72294676303863525391e-08	6.05359673500061035156e-09	1.25728547573089599609e-08	7.45058059692382812500e-09	1.11758708953857421875e-08	
8.84756445884704589844e-09	1.35041773319244384766e-08	6.98491930961608886719e-09	6.51925802230834960938e-09	1.07102096080780029297e-08	1.07102096080780029297e-08	1.67638063430786132812e-08	1.67638063430786132812e-08	1.39698386192321777344e-08	1.76951289176940917969e-08	1.25728547573089599609e-08	1.39698386192321777344e-08	1.39698386192321777344e-08	1.21071934700012207031e-08	1.62981450557708740234e-08	1.39698386192321777344e-08	0.00000000000000000000e+00	1.07102096080780029297e-08	5.58793544769287109375e-09	1.62981450557708740234e-08	6.98491930961608886719e-09	4.65661287307739257812e-09	1.95577740669250488281e-08	9.77888703346252441406e-09	1.25728547573089599609e-08	7.45058059692382812500e-09	1.53668224811553955078e-08	1.67638063430786132812e-08	9.77888703346252441406e-09	1.11758708953857421875e-08	1.44354999065399169922e-08	1.21071934700012207031e-08	1.35041773319244384766e-08	1.35041773319244384766e-08	1.39698386192321777344e-08	1.35041773319244384766e-08	1.35041773319244384766e-08	1.35041773319244384766e-08	1.02445483207702636719e-08	1.25728547573089599609e-08	1.07102096080780029297e-08	1.53668224811553955078e-08	1.30385160446166992188e-08	1.53668224811553955078e-08	1.16415321826934814453e-08	5.12227416038513183594e-09	1.49011611938476562500e-08	1.07102096080780029297e-08	9.77888703346252441406e-09	7.91624188423156738281e-09	6.51925802230834960938e-09	1.44354999065399169922e-08	1.44354999065399169922e-08	6.05359673500061035156e-09	1.58324837684631347656e-08	1.11758708953857421875e-08	5.12227416038513183594e-09	1.53668224811553955078e-08	1.25728547573089599609e-08	6.51925802230834960938e-09	1.44354999065399169922e-08	1.44354999065399169922e-08	3.72529029846191406250e-09	1.02445483207702636719e-08	1.39698386192321777344e-08	1.02445483207702636719e-08	1.30385160446166992188e-08	1.58324837684631347656e-08	
7.91624188423156738281e-09	1.21071934700012207031e-08	1.11758708953857421875e-08	1.25728547573089599609e-08	6.98491930961608886719e-09	6.98491930961608886719e-09	1.58324837684631347656e-08	1.58324837684631347656e-08	1.72294676303863525391e-08	1.86264514923095703125e-08	1.53668224811553955078e-08	1.07102096080780029297e-08	1.07102096080780029297e-08	1.62981450557708740234e-08	1.62981450557708740234e-08	1.35041773319244384766e-08	1.07102096080780029297e-08	0.00000000000000000000e+00	9.77888703346252441406e-09	1.16415321826934814453e-08	8.38190317153930664062e-09	1.49011611938476562500e-08	1.58324837684631347656e-08	1.49011611938476562500e-08	1.16415321826934814453e-08	1.30385160446166992188e-08	1.39698386192321777344e-08	1.53668224811553955078e-08	1.11758708953857421875e-08	1.11758708953857421875e-08	1.35041773319244384766e-08	1.39698386192321777344e-08	2.42143869400024414062e-08	2.42143869400024414062e-08	1.58324837684631347656e-08	2.42143869400024414062e-08	2.42143869400024414062e-08	1.35041773319244384766e-08	1.53668224811553955078e-08	1.35041773319244384766e-08	1.16415321826934814453e-08	1.72294676303863525391e-08	1.81607902050018310547e-08	1.58324837684631347656e-08	1.16415321826934814453e-08	1.90921127796173095703e-08	1.39698386192321777344e-08	1.16415321826934814453e-08	1.30385160446166992188e-08	1.53668224811553955078e-08	9.77888703346252441406e-09	1.25728547573089599609e-08	1.35041773319244384766e-08	1.67638063430786132812e-08	1.67638063430786132812e-08	1.25728547573089599609e-08	1.07102096080780029297e-08	1.72294676303863525391e-08	1.39698386192321777344e-08	1.21071934700012207031e-08	1.58324837684631347656e-08	1.58324837684631347656e-08	1.21071934700012207031e-08	1.35041773319244384766e-08	1.25728547573089599609e-08	1.07102096080780029297e-08	1.49011611938476562500e-08	1.76951289176940917969e-08	
8.38190317153930664062e-09	6.51925802230834960938e-09	6.51925802230834960938e-09	4.19095158576965332031e-09	1.02445483207702636719e-08	1.02445483207702636719e-08	1.49011611938476562500e-08	1.49011611938476562500e-08	1.62981450557708740234e-08	1.11758708953857421875e-08	1.11758708953857421875e-08	9.77888703346252441406e-09	9.77888703346252441406e-09	6.51925802230834960938e-09	1.21071934700012207031e-08	6.51925802230834960938e-09	5.58793544769287109375e-09	9.77888703346252441406e-09	0.00000000000000000000e+00	7.45058059692382812500e-09	1.07102096080780029297e-08	6.51925802230834960938e-09	1.53668224811553955078e-08	1.35041773319244384766e-08	1.07102096080780029297e-08	9.77888703346252441406e-09	9.31322574615478515625e-09	1.25728547573089599609e-08	4.19095158576965332031e-09	1.11758708953857421875e-08	8.84756445884704589844e-09	8.84756445884704589844e-09	1.53668224811553955078e-08	1.53668224811553955078e-08	6.05359673500061035156e-09	1.53668224811553955078e-08	1.53668224811553955078e-08	5.58793544769287109375e-09	3.72529029846191406250e-09	3.72529029846191406250e-09	1.16415321826934814453e-08	8.84756445884704589844e-09	8.38190317153930664062e-09	1.16415321826934814453e-08	4.19095158576965332031e-09	4.19095158576965332031e-09	1.39698386192321777344e-08	1.16415321826934814453e-08	1.16415321826934814453e-08	7.45058059692382812500e-09	1.25728547573089599609e-08	1.07102096080780029297e-08	9.31322574615478515625e-09	7.91624188423156738281e-09	1.11758708953857421875e-08	3.25962901115417480469e-09	6.51925802230834960938e-09	8.84756445884704589844e-09	7.45058059692382812500e-09	3.72529029846191406250e-09	8.38190317153930664062e-09	8.38190317153930664062e-09	6.51925802230834960938e-09	1.02445483207702636719e-08	1.07102096080780029297e-08	1.30385160446166992188e-08	7.45058059692382812500e-09	1.67638063430786132812e-08	
8.84756445884704589844e-09	9.31322574615478515625e-09	9.31322574615478515625e-09	6.98491930961608886719e-09	1.35041773319244384766e-08	1.35041773319244384766e-08	1.25728547573089599609e-08	1.25728547573089599609e-08	1.76951289176940917969e-08	1.62981450557708740234e-08	1.16415321826934814453e-08	1.35041773319244384766e-08	1.35041773319244384766e-08	1.49011611938476562500e-08	1.35041773319244384766e-08	1.62981450557708740234e-08	1.62981450557708740234e-08	1.16415321826934814453e-08	7.45058059692382812500e-09	0.00000000000000000000e+00	8.84756445884704589844e-09	8.38190317153930664062e-09	1.21071934700012207031e-08	1.16415321826934814453e-08	1.16415321826934814453e-08	5.12227416038513183594e-09	1.07102096080780029297e-08	1.53668224811553955078e-08	7.45058059692382812500e-09	1.25728547573089599609e-08	1.35041773319244384766e-08	1.25728547573089599609e-08	1.81607902050018310547e-08	1.81607902050018310547e-08	8.84756445884704589844e-09	1.81607902050018310547e-08	1.81607902050018310547e-08	9.77888703346252441406e-09	1.49011611938476562500e-08	1.11758708953857421875e-08	1.44354999065399169922e-08	1.35041773319244384766e-08	1.62981450557708740234e-08	8.38190317153930664062e-09	1.16415321826934814453e-08	8.84756445884704589844e-09	7.91624188423156738281e-09	1.44354999065399169922e-08	8.38190317153930664062e-09	1.39698386192321777344e-08	7.91624188423156738281e-09	1.30385160446166992188e-08	1.21071934700012207031e-08	1.11758708953857421875e-08	1.44354999065399169922e-08	9.77888703346252441406e-09	9.77888703346252441406e-09	1.35041773319244384766e-08	1.35041773319244384766e-08	7.91624188423156738281e-09	1.07102096080780029297e-08	1.07102096080780029297e-08	1.02445483207702636719e-08	8.38190317153930664062e-09	1.30385160446166992188e-08	1.39698386192321777344e-08	1.16415321826934814453e-08	1.30385160446166992188e-08	
5.12227416038513183594e-09	1.02445483207702636719e-08	9.31322574615478515625e-09	1.35041773319244384766e-08	1.44354999065399169922e-08	1.44354999065399169922e-08	1.30385160446166992188e-08	1.30385160446166992188e-08	1.30385160446166992188e-08	7.91624188423156738281e-09	1.16415321826934814453e-08	6.05359673500061035156e-09	6.05359673500061035156e-09	9.77888703346252441406e-09	9.77888703346252441406e-09	1.16415321826934814453e-08	6.98491930961608886719e-09	8.38190317153930664062e-09	1.07102096080780029297e-08	8.84756445884704589844e-09	0.00000000000000000000e+00	1.49011611938476562500e-08	1.35041773319244384766e-08	1.21071934700012207031e-08	9.31322574615478515625e-09	7.91624188423156738281e-09	9.31322574615478515625e-09	1.11758708953857421875e-08	6.98491930961608886719e-09	9.31322574615478515625e-09	7.45058059692382812500e-09	1.72294676303863525391e-08	1.76951289176940917969e-08	1.76951289176940917969e-08	1.02445483207702636719e-08	1.76951289176940917969e-08	1.76951289176940917969e-08	8.84756445884704589844e-09	1.76951289176940917969e-08	1.30385160446166992188e-08	8.38190317153930664062e-09	8.38190317153930664062e-09	1.58324837684631347656e-08	1.30385160446166992188e-08	1.11758708953857421875e-08	8.84756445884704589844e-09	1.53668224811553955078e-08	8.38190317153930664062e-09	1.02445483207702636719e-08	1.39698386192321777344e-08	8.38190317153930664062e-09	1.11758708953857421875e-08	1.25728547573089599609e-08	9.77888703346252441406e-09	8.84756445884704589844e-09	1.44354999065399169922e-08	7.91624188423156738281e-09	8.38190317153930664062e-09	9.31322574615478515625e-09	9.77888703346252441406e-09	9.31322574615478515625e-09	9.31322574615478515625e-09	8.38190317153930664062e-09	1.58324837684631347656e-08	1.11758708953857421875e-08	7.91624188423156738281e-09	1.07102096080780029297e-08	9.31322574615478515625e-09	
