0.00000000000000000000e+00	1.06170773506164550781e-07	8.75443220138549804688e-08	1.38767063617706298828e-07	1.33179128170013427734e-07	1.75088644027709960938e-07	1.37835741043090820312e-07	1.79745256900787353516e-07	8.94069671630859375000e-08	1.91852450370788574219e-07	9.59262251853942871094e-08	9.12696123123168945312e-08	1.03376805782318115234e-07	1.20140612125396728516e-07	1.15483999252319335938e-07	9.03382897377014160156e-08	1.52736902236938476562e-07	1.59256160259246826172e-07	1.41561031341552734375e-07	1.41561031341552734375e-07	1.73225998878479003906e-07	1.41561031341552734375e-07	1.73225998878479003906e-07	9.49949026107788085938e-08	1.21071934700012207031e-07	1.16415321826934814453e-07	1.16415321826934814453e-07	1.26659870147705078125e-07	1.63912773132324218750e-07	1.76951289176940917969e-07	1.36904418468475341797e-07	5.40167093276977539062e-08	1.43423676490783691406e-07	1.05239450931549072266e-07	1.64844095706939697266e-07	9.03382897377014160156e-08	
1.06170773506164550781e-07	0.00000000000000000000e+00	1.36904418468475341797e-07	5.77419996261596679688e-08	1.04308128356933593750e-07	1.78813934326171875000e-07	1.49942934513092041016e-07	1.59256160259246826172e-07	1.70432031154632568359e-07	1.64844095706939697266e-07	1.52736902236938476562e-07	1.65775418281555175781e-07	1.90921127796173095703e-07	1.40629708766937255859e-07	1.85333192348480224609e-07	1.64844095706939697266e-07	1.76951289176940917969e-07	1.65775418281555175781e-07	7.17118382453918457031e-08	7.17118382453918457031e-08	9.59262251853942871094e-08	7.07805156707763671875e-08	9.59262251853942871094e-08	8.75443220138549804688e-08	1.54599547386169433594e-07	8.10250639915466308594e-08	8.10250639915466308594e-08	1.33179128170013427734e-07	1.32247805595397949219e-07	1.00582838058471679688e-07	1.51805579662322998047e-07	1.62981450557708740234e-07	1.32247805595397949219e-07	9.22009348869323730469e-08	1.77882611751556396484e-07	1.89058482646942138672e-07	
8.75443220138549804688e-08	1.36904418468475341797e-07	0.00000000000000000000e+00	8.00937414169311523438e-08	7.91624188423156738281e-08	1.20140612125396728516e-07	1.31316483020782470703e-07	1.22003257274627685547e-07	1.74157321453094482422e-07	5.77419996261596679688e-08	1.64844095706939697266e-07	1.76019966602325439453e-07	1.37835741043090820312e-07	1.00582838058471679688e-07	1.24797224998474121094e-07	1.76019966602325439453e-07	1.61118805408477783203e-07	1.23865902423858642578e-07	7.07805156707763671875e-08	7.07805156707763671875e-08	1.01514160633087158203e-07	7.07805156707763671875e-08	1.01514160633087158203e-07	1.47148966789245605469e-07	1.28522515296936035156e-07	1.32247805595397949219e-07	1.32247805595397949219e-07	1.09896063804626464844e-07	1.44354999065399169922e-07	1.01514160633087158203e-07	1.63912773132324218750e-07	1.53668224811553955078e-07	1.22934579849243164062e-07	1.78813934326171875000e-07	6.98491930961608886719e-08	1.88127160072326660156e-07	
1.38767063617706298828e-07	5.77419996261596679688e-08	8.00937414169311523438e-08	0.00000000000000000000e+00	1.27591192722320556641e-07	9.96515154838562011719e-08	2.02096998691558837891e-07	1.38767063617706298828e-07	1.37835741043090820312e-07	4.84287738800048828125e-08	1.28522515296936035156e-07	1.39698386192321777344e-07	1.04308128356933593750e-07	6.05359673500061035156e-08	2.23517417907714843750e-08	1.38767063617706298828e-07	1.92783772945404052734e-07	2.32830643653869628906e-08	9.68575477600097656250e-08	9.68575477600097656250e-08	1.52736902236938476562e-07	9.68575477600097656250e-08	1.52736902236938476562e-07	1.35973095893859863281e-07	6.42612576484680175781e-08	1.48080289363861083984e-07	1.48080289363861083984e-07	5.40167093276977539062e-08	9.49949026107788085938e-08	1.56462192535400390625e-07	1.93715095520019531250e-07	1.62981450557708740234e-07	1.79745256900787353516e-07	1.36904418468475341797e-07	1.08964741230010986328e-07	1.37835741043090820312e-07	
1.33179128170013427734e-07	1.04308128356933593750e-07	7.91624188423156738281e-08	1.27591192722320556641e-07	0.00000000000000000000e+00	1.25728547573089599609e-07	9.40635800361633300781e-08	1.21071934700012207031e-07	7.45058059692382812500e-08	2.22586095333099365234e-07	4.56348061561584472656e-08	7.72997736930847167969e-08	7.63684511184692382812e-08	2.16066837310791015625e-07	6.98491930961608886719e-08	7.54371285438537597656e-08	8.66129994392395019531e-08	1.70432031154632568359e-07	1.12690031528472900391e-07	1.12690031528472900391e-07	1.75088644027709960938e-07	1.12690031528472900391e-07	1.75088644027709960938e-07	1.08033418655395507812e-07	2.16066837310791015625e-07	1.12690031528472900391e-07	1.12690031528472900391e-07	1.93715095520019531250e-07	1.85333192348480224609e-07	1.74157321453094482422e-07	8.75443220138549804688e-08	5.86733222007751464844e-08	5.02914190292358398438e-08	1.16415321826934814453e-07	8.10250639915466308594e-08	1.07102096080780029297e-07	
1.75088644027709960938e-07	1.78813934326171875000e-07	1.20140612125396728516e-07	9.96515154838562011719e-08	1.25728547573089599609e-07	0.00000000000000000000e+00	7.91624188423156738281e-08	5.21540641784667968750e-08	1.56462192535400390625e-07	6.98491930961608886719e-08	2.03028321266174316406e-07	1.57393515110015869141e-07	1.23865902423858642578e-07	6.98491930961608886719e-08	1.20140612125396728516e-07	1.57393515110015869141e-07	1.91852450370788574219e-07	2.19792127609252929688e-07	7.26431608200073242188e-08	7.26431608200073242188e-08	1.11758708953857421875e-07	7.26431608200073242188e-08	1.11758708953857421875e-07	4.37721610069274902344e-08	1.78813934326171875000e-07	9.96515154838562011719e-08	9.96515154838562011719e-08	1.53668224811553955078e-07	1.43423676490783691406e-07	1.12690031528472900391e-07	8.94069671630859375000e-08	1.51805579662322998047e-07	1.76951289176940917969e-07	3.07336449623107910156e-08	1.15483999252319335938e-07	1.93715095520019531250e-07	
1.37835741043090820312e-07	1.49942934513092041016e-07	1.31316483020782470703e-07	2.02096998691558837891e-07	9.40635800361633300781e-08	7.91624188423156738281e-08	0.00000000000000000000e+00	1.54599547386169433594e-07	8.94069671630859375000e-08	1.12690031528472900391e-07	1.20140612125396728516e-07	9.12696123123168945312e-08	1.22003257274627685547e-07	1.40629708766937255859e-07	1.20140612125396728516e-07	9.03382897377014160156e-08	1.76019966602325439453e-07	1.98371708393096923828e-07	8.47503542900085449219e-08	8.47503542900085449219e-08	2.03959643840789794922e-07	8.47503542900085449219e-08	2.03959643840789794922e-07	1.42492353916168212891e-07	1.26659870147705078125e-07	7.35744833946228027344e-08	7.35744833946228027344e-08	1.55530869960784912109e-07	1.68569386005401611328e-07	2.03028321266174316406e-07	1.24797224998474121094e-07	5.40167093276977539062e-08	1.05239450931549072266e-07	1.55530869960784912109e-07	1.07102096080780029297e-07	1.45286321640014648438e-07	
1.79745256900787353516e-07	1.59256160259246826172e-07	1.22003257274627685547e-07	1.38767063617706298828e-07	1.21071934700012207031e-07	5.21540641784667968750e-08	1.54599547386169433594e-07	0.00000000000000000000e+00	9.87201929092407226562e-08	1.47148966789245605469e-07	6.14672899246215820312e-08	1.00582838058471679688e-07	1.62981450557708740234e-07	9.03382897377014160156e-08	1.07102096080780029297e-07	9.87201929092407226562e-08	1.46217644214630126953e-07	1.36904418468475341797e-07	1.69500708580017089844e-07	1.69500708580017089844e-07	7.72997736930847167969e-08	1.68569386005401611328e-07	7.72997736930847167969e-08	1.12690031528472900391e-07	1.36904418468475341797e-07	9.31322574615478515625e-08	9.31322574615478515625e-08	1.62981450557708740234e-07	1.35973095893859863281e-07	7.91624188423156738281e-08	1.81607902050018310547e-07	1.01514160633087158203e-07	1.61118805408477783203e-07	1.08033418655395507812e-07	1.88127160072326660156e-07	8.94069671630859375000e-08	
8.94069671630859375000e-08	1.70432031154632568359e-07	1.74157321453094482422e-07	1.37835741043090820312e-07	7.45058059692382812500e-08	1.56462192535400390625e-07	8.94069671630859375000e-08	9.87201929092407226562e-08	0.00000000000000000000e+00	1.01514160633087158203e-07	1.95577740669250488281e-07	9.12696123123168945312e-08	7.82310962677001953125e-08	1.07102096080780029297e-07	1.47148966789245605469e-07	9.03382897377014160156e-08	6.61239027976989746094e-08	2.10478901863098144531e-07	1.72294676303863525391e-07	1.72294676303863525391e-07	6.23986124992370605469e-08	1.72294676303863525391e-07	6.23986124992370605469e-08	1.85333192348480224609e-07	1.22003257274627685547e-07	1.68569386005401611328e-07	1.68569386005401611328e-07	1.26659870147705078125e-07	1.71363353729248046875e-07	6.42612576484680175781e-08	4.47034835815429687500e-08	9.87201929092407226562e-08	9.87201929092407226562e-08	1.32247805595397949219e-07	1.35041773319244384766e-07	1.26659870147705078125e-07	
1.91852450370788574219e-07	1.64844095706939697266e-07	5.77419996261596679688e-08	4.84287738800048828125e-08	2.22586095333099365234e-07	6.98491930961608886719e-08	1.12690031528472900391e-07	1.47148966789245605469e-07	1.01514160633087158203e-07	0.00000000000000000000e+00	4.19095158576965332031e-08	1.03376805782318115234e-07	9.96515154838562011719e-08	1.65775418281555175781e-07	9.22009348869323730469e-08	1.02445483207702636719e-07	1.36904418468475341797e-07	1.68569386005401611328e-07	1.09896063804626464844e-07	1.09896063804626464844e-07	1.52736902236938476562e-07	1.09896063804626464844e-07	1.52736902236938476562e-07	9.03382897377014160156e-08	2.05822288990020751953e-07	9.96515154838562011719e-08	9.96515154838562011719e-08	1.99303030967712402344e-07	9.96515154838562011719e-08	1.56462192535400390625e-07	9.68575477600097656250e-08	1.18277966976165771484e-07	8.56816768646240234375e-08	6.98491930961608886719e-08	1.46217644214630126953e-07	9.87201929092407226562e-08	
9.59262251853942871094e-08	1.52736902236938476562e-07	1.64844095706939697266e-07	1.28522515296936035156e-07	4.56348061561584472656e-08	2.03028321266174316406e-07	1.20140612125396728516e-07	6.14672899246215820312e-08	1.95577740669250488281e-07	4.19095158576965332031e-08	0.00000000000000000000e+00	1.97440385818481445312e-07	1.18277966976165771484e-07	1.01514160633087158203e-07	1.18277966976165771484e-07	1.97440385818481445312e-07	8.38190317153930664062e-08	1.64844095706939697266e-07	8.28877091407775878906e-08	8.28877091407775878906e-08	1.33179128170013427734e-07	8.28877091407775878906e-08	1.33179128170013427734e-07	9.12696123123168945312e-08	1.31316483020782470703e-07	1.67638063430786132812e-07	1.67638063430786132812e-07	1.64844095706939697266e-07	1.35973095893859863281e-07	1.35973095893859863281e-07	1.17346644401550292969e-07	9.96515154838562011719e-08	8.94069671630859375000e-08	8.38190317153930664062e-08	1.65775418281555175781e-07	6.98491930961608886719e-08	
9.12696123123168945312e-08	1.65775418281555175781e-07	1.76019966602325439453e-07	1.38767063617706298828e-07	7.72997736930847167969e-08	1.58324837684631347656e-07	9.12696123123168945312e-08	1.00582838058471679688e-07	9.12696123123168945312e-08	1.03376805782318115234e-07	1.97440385818481445312e-07	0.00000000000000000000e+00	8.00937414169311523438e-08	1.09896063804626464844e-07	1.48080289363861083984e-07	9.31322574615478515625e-08	6.79865479469299316406e-08	2.06753611564636230469e-07	1.73225998878479003906e-07	1.73225998878479003906e-07	6.42612576484680175781e-08	1.73225998878479003906e-07	6.42612576484680175781e-08	1.86264514923095703125e-07	1.23865902423858642578e-07	1.71363353729248046875e-07	1.71363353729248046875e-07	1.29453837871551513672e-07	1.73225998878479003906e-07	6.61239027976989746094e-08	4.56348061561584472656e-08	1.01514160633087158203e-07	1.00582838058471679688e-07	1.34110450744628906250e-07	1.36904418468475341797e-07	1.29453837871551513672e-07	
1.03376805782318115234e-07	1.90921127796173095703e-07	1.37835741043090820312e-07	1.03376805782318115234e-07	7.63684511184692382812e-08	1.23865902423858642578e-07	1.22003257274627685547e-07	1.62981450557708740234e-07	7.82310962677001953125e-08	9.96515154838562011719e-08	1.18277966976165771484e-07	8.00937414169311523438e-08	0.00000000000000000000e+00	9.59262251853942871094e-08	2.24448740482330322266e-07	7.91624188423156738281e-08	9.12696123123168945312e-08	2.14204192161560058594e-07	1.06170773506164550781e-07	1.06170773506164550781e-07	5.68106770515441894531e-08	1.05239450931549072266e-07	5.68106770515441894531e-08	1.14552676677703857422e-07	4.00468707084655761719e-08	1.28522515296936035156e-07	1.28522515296936035156e-07	1.31316483020782470703e-07	1.69500708580017089844e-07	5.86733222007751464844e-08	1.35041773319244384766e-07	1.54599547386169433594e-07	1.97440385818481445312e-07	1.38767063617706298828e-07	1.21071934700012207031e-07	1.47148966789245605469e-07	
1.20140612125396728516e-07	1.40629708766937255859e-07	1.00582838058471679688e-07	6.05359673500061035156e-08	2.16066837310791015625e-07	6.98491930961608886719e-08	1.40629708766937255859e-07	9.03382897377014160156e-08	1.07102096080780029297e-07	1.65775418281555175781e-07	1.01514160633087158203e-07	1.09896063804626464844e-07	9.59262251853942871094e-08	0.00000000000000000000e+00	1.65775418281555175781e-07	1.08964741230010986328e-07	3.91155481338500976562e-08	7.26431608200073242188e-08	1.11758708953857421875e-07	1.11758708953857421875e-07	2.05822288990020751953e-07	1.11758708953857421875e-07	2.05822288990020751953e-07	8.75443220138549804688e-08	1.35973095893859863281e-07	7.91624188423156738281e-08	7.91624188423156738281e-08	1.48080289363861083984e-07	7.07805156707763671875e-08	2.07684934139251708984e-07	1.52736902236938476562e-07	1.73225998878479003906e-07	1.48080289363861083984e-07	1.49011611938476562500e-07	8.28877091407775878906e-08	8.66129994392395019531e-08	
1.15483999252319335938e-07	1.85333192348480224609e-07	1.24797224998474121094e-07	2.23517417907714843750e-08	6.98491930961608886719e-08	1.20140612125396728516e-07	1.20140612125396728516e-07	1.07102096080780029297e-07	1.47148966789245605469e-07	9.22009348869323730469e-08	1.18277966976165771484e-07	1.48080289363861083984e-07	2.24448740482330322266e-07	1.65775418281555175781e-07	0.00000000000000000000e+00	1.48080289363861083984e-07	1.30385160446166992188e-07	2.11410224437713623047e-07	8.56816768646240234375e-08	8.56816768646240234375e-08	1.30385160446166992188e-07	8.56816768646240234375e-08	1.30385160446166992188e-07	1.37835741043090820312e-07	1.20140612125396728516e-07	8.66129994392395019531e-08	8.66129994392395019531e-08	1.47148966789245605469e-07	9.77888703346252441406e-08	1.35041773319244384766e-07	1.29453837871551513672e-07	1.66706740856170654297e-07	2.30967998504638671875e-07	1.08033418655395507812e-07	1.09896063804626464844e-07	1.62981450557708740234e-07	
9.03382897377014160156e-08	1.64844095706939697266e-07	1.76019966602325439453e-07	1.38767063617706298828e-07	7.54371285438537597656e-08	1.57393515110015869141e-07	9.03382897377014160156e-08	9.87201929092407226562e-08	9.03382897377014160156e-08	1.02445483207702636719e-07	1.97440385818481445312e-07	9.31322574615478515625e-08	7.91624188423156738281e-08	1.08964741230010986328e-07	1.48080289363861083984e-07	0.00000000000000000000e+00	6.70552253723144531250e-08	2.12341547012329101562e-07	1.72294676303863525391e-07	1.72294676303863525391e-07	6.23986124992370605469e-08	1.72294676303863525391e-07	6.23986124992370605469e-08	1.85333192348480224609e-07	1.22934579849243164062e-07	1.69500708580017089844e-07	1.69500708580017089844e-07	1.28522515296936035156e-07	1.72294676303863525391e-07	6.42612576484680175781e-08	4.47034835815429687500e-08	1.00582838058471679688e-07	9.96515154838562011719e-08	1.33179128170013427734e-07	1.35973095893859863281e-07	1.27591192722320556641e-07	
1.52736902236938476562e-07	1.76951289176940917969e-07	1.61118805408477783203e-07	1.92783772945404052734e-07	8.66129994392395019531e-08	1.91852450370788574219e-07	1.76019966602325439453e-07	1.46217644214630126953e-07	6.61239027976989746094e-08	1.37835741043090820312e-07	8.38190317153930664062e-08	6.79865479469299316406e-08	9.03382897377014160156e-08	3.91155481338500976562e-08	1.30385160446166992188e-07	6.70552253723144531250e-08	0.00000000000000000000e+00	1.20140612125396728516e-07	1.82539224624633789062e-07	1.82539224624633789062e-07	7.63684511184692382812e-08	1.82539224624633789062e-07	7.63684511184692382812e-08	2.06753611564636230469e-07	1.49011611938476562500e-07	1.15483999252319335938e-07	1.15483999252319335938e-07	2.01165676116943359375e-07	8.56816768646240234375e-08	8.10250639915466308594e-08	1.28522515296936035156e-07	8.94069671630859375000e-08	1.12690031528472900391e-07	1.88127160072326660156e-07	1.10827386379241943359e-07	7.82310962677001953125e-08	
1.59256160259246826172e-07	1.65775418281555175781e-07	1.23865902423858642578e-07	2.32830643653869628906e-08	1.70432031154632568359e-07	2.19792127609252929688e-07	1.98371708393096923828e-07	1.36904418468475341797e-07	2.10478901863098144531e-07	1.68569386005401611328e-07	1.64844095706939697266e-07	2.06753611564636230469e-07	2.14204192161560058594e-07	7.26431608200073242188e-08	2.11410224437713623047e-07	2.12341547012329101562e-07	1.20140612125396728516e-07	0.00000000000000000000e+00	0.00000000000000000000e+00	0.00000000000000000000e+00	1.09896063804626464844e-07	0.00000000000000000000e+00	1.09896063804626464844e-07	1.02445483207702636719e-07	1.24797224998474121094e-07	1.15483999252319335938e-07	1.15483999252319335938e-07	1.26659870147705078125e-07	1.00582838058471679688e-07	1.09896063804626464844e-07	1.25728547573089599609e-07	1.49942934513092041016e-07	1.24797224998474121094e-07	1.08033418655395507812e-07	1.49942934513092041016e-07	1.91852450370788574219e-07	
1.41561031341552734375e-07	7.17118382453918457031e-08	7.07805156707763671875e-08	9.68575477600097656250e-08	1.12690031528472900391e-07	7.26431608200073242188e-08	8.47503542900085449219e-08	1.69500708580017089844e-07	1.72294676303863525391e-07	1.09896063804626464844e-07	8.28877091407775878906e-08	1.73225998878479003906e-07	1.05239450931549072266e-07	1.11758708953857421875e-07	8.56816768646240234375e-08	1.72294676303863525391e-07	1.82539224624633789062e-07	0.00000000000000000000e+00	0.00000000000000000000e+00	1.29453837871551513672e-07	1.71363353729248046875e-07	1.29453837871551513672e-07	1.71363353729248046875e-07	1.77882611751556396484e-07	1.47148966789245605469e-07	1.59256160259246826172e-07	1.59256160259246826172e-07	3.81842255592346191406e-08	2.42143869400024414062e-08	1.73225998878479003906e-07	1.67638063430786132812e-07	1.29453837871551513672e-07	1.25728547573089599609e-07	1.21071934700012207031e-07	9.87201929092407226562e-08	9.59262251853942871094e-08	
1.41561031341552734375e-07	7.17118382453918457031e-08	7.07805156707763671875e-08	9.68575477600097656250e-08	1.12690031528472900391e-07	7.26431608200073242188e-08	8.47503542900085449219e-08	1.69500708580017089844e-07	1.72294676303863525391e-07	1.09896063804626464844e-07	8.28877091407775878906e-08	1.73225998878479003906e-07	1.05239450931549072266e-07	1.11758708953857421875e-07	8.56816768646240234375e-08	1.72294676303863525391e-07	1.82539224624633789062e-07	0.00000000000000000000e+00	1.29453837871551513672e-07	0.00000000000000000000e+00	1.71363353729248046875e-07	1.29453837871551513672e-07	1.71363353729248046875e-07	1.77882611751556396484e-07	1.47148966789245605469e-07	1.59256160259246826172e-07	1.59256160259246826172e-07	3.81842255592346191406e-08	2.42143869400024414062e-08	1.73225998878479003906e-07	1.67638063430786132812e-07	1.29453837871551513672e-07	1.25728547573089599609e-07	1.21071934700012207031e-07	9.87201929092407226562e-08	9.59262251853942871094e-08	
1.73225998878479003906e-07	9.59262251853942871094e-08	1.01514160633087158203e-07	1.52736902236938476562e-07	1.75088644027709960938e-07	1.11758708953857421875e-07	2.03959643840789794922e-07	7.72997736930847167969e-08	6.23986124992370605469e-08	1.52736902236938476562e-07	1.33179128170013427734e-07	6.42612576484680175781e-08	5.68106770515441894531e-08	2.05822288990020751953e-07	1.30385160446166992188e-07	6.23986124992370605469e-08	7.63684511184692382812e-08	1.09896063804626464844e-07	1.71363353729248046875e-07	1.71363353729248046875e-07	0.00000000000000000000e+00	1.71363353729248046875e-07	1.04308128356933593750e-07	7.54371285438537597656e-08	6.14672899246215820312e-08	1.04308128356933593750e-07	1.04308128356933593750e-07	8.84756445884704589844e-08	1.85333192348480224609e-07	1.08033418655395507812e-07	1.55530869960784912109e-07	8.00937414169311523438e-08	1.39698386192321777344e-07	1.03376805782318115234e-07	1.21071934700012207031e-07	1.05239450931549072266e-07	
1.41561031341552734375e-07	7.07805156707763671875e-08	7.07805156707763671875e-08	9.68575477600097656250e-08	1.12690031528472900391e-07	7.26431608200073242188e-08	8.47503542900085449219e-08	1.69500708580017089844e-07	1.72294676303863525391e-07	1.09896063804626464844e-07	8.28877091407775878906e-08	1.73225998878479003906e-07	1.05239450931549072266e-07	1.11758708953857421875e-07	8.56816768646240234375e-08	1.72294676303863525391e-07	1.82539224624633789062e-07	0.00000000000000000000e+00	1.29453837871551513672e-07	1.29453837871551513672e-07	1.71363353729248046875e-07	0.00000000000000000000e+00	1.71363353729248046875e-07	1.77882611751556396484e-07	1.47148966789245605469e-07	1.59256160259246826172e-07	1.59256160259246826172e-07	3.81842255592346191406e-08	2.42143869400024414062e-08	1.73225998878479003906e-07	1.67638063430786132812e-07	1.29453837871551513672e-07	1.25728547573089599609e-07	1.21071934700012207031e-07	9.77888703346252441406e-08	9.59262251853942871094e-08	
1.73225998878479003906e-07	9.59262251853942871094e-08	1.01514160633087158203e-07	1.52736902236938476562e-07	1.75088644027709960938e-07	1.11758708953857421875e-07	2.03959643840789794922e-07	7.72997736930847167969e-08	6.23986124992370605469e-08	1.52736902236938476562e-07	1.33179128170013427734e-07	6.42612576484680175781e-08	5.68106770515441894531e-08	2.05822288990020751953e-07	1.30385160446166992188e-07	6.23986124992370605469e-08	7.63684511184692382812e-08	1.09896063804626464844e-07	1.71363353729248046875e-07	1.71363353729248046875e-07	1.04308128356933593750e-07	1.71363353729248046875e-07	0.00000000000000000000e+00	7.54371285438537597656e-08	6.14672899246215820312e-08	1.04308128356933593750e-07	1.04308128356933593750e-07	8.84756445884704589844e-08	1.85333192348480224609e-07	1.08033418655395507812e-07	1.55530869960784912109e-07	8.00937414169311523438e-08	1.39698386192321777344e-07	1.03376805782318115234e-07	1.21071934700012207031e-07	1.05239450931549072266e-07	
9.49949026107788085938e-08	8.75443220138549804688e-08	1.47148966789245605469e-07	1.35973095893859863281e-07	1.08033418655395507812e-07	4.37721610069274902344e-08	1.42492353916168212891e-07	1.12690031528472900391e-07	1.85333192348480224609e-07	9.03382897377014160156e-08	9.12696123123168945312e-08	1.86264514923095703125e-07	1.14552676677703857422e-07	8.75443220138549804688e-08	1.37835741043090820312e-07	1.85333192348480224609e-07	2.06753611564636230469e-07	1.02445483207702636719e-07	1.77882611751556396484e-07	1.77882611751556396484e-07	7.54371285438537597656e-08	1.77882611751556396484e-07	7.54371285438537597656e-08	0.00000000000000000000e+00	5.68106770515441894531e-08	1.33179128170013427734e-07	1.33179128170013427734e-07	9.31322574615478515625e-08	1.99303030967712402344e-07	7.82310962677001953125e-08	1.05239450931549072266e-07	7.17118382453918457031e-08	1.10827386379241943359e-07	1.86264514923095703125e-07	8.38190317153930664062e-08	1.04308128356933593750e-07	
1.21071934700012207031e-07	1.54599547386169433594e-07	1.28522515296936035156e-07	6.42612576484680175781e-08	2.16066837310791015625e-07	1.78813934326171875000e-07	1.26659870147705078125e-07	1.36904418468475341797e-07	1.22003257274627685547e-07	2.05822288990020751953e-07	1.31316483020782470703e-07	1.23865902423858642578e-07	4.00468707084655761719e-08	1.35973095893859863281e-07	1.20140612125396728516e-07	1.22934579849243164062e-07	1.49011611938476562500e-07	1.24797224998474121094e-07	1.47148966789245605469e-07	1.47148966789245605469e-07	6.14672899246215820312e-08	1.47148966789245605469e-07	6.14672899246215820312e-08	5.68106770515441894531e-08	0.00000000000000000000e+00	8.38190317153930664062e-08	8.38190317153930664062e-08	1.04308128356933593750e-07	1.22934579849243164062e-07	6.33299350738525390625e-08	1.76019966602325439453e-07	1.00582838058471679688e-07	1.60187482833862304688e-07	8.56816768646240234375e-08	6.33299350738525390625e-08	1.79745256900787353516e-07	
1.16415321826934814453e-07	8.10250639915466308594e-08	1.32247805595397949219e-07	1.49011611938476562500e-07	1.12690031528472900391e-07	1.00582838058471679688e-07	7.45058059692382812500e-08	9.31322574615478515625e-08	1.68569386005401611328e-07	9.96515154838562011719e-08	1.67638063430786132812e-07	1.71363353729248046875e-07	1.28522515296936035156e-07	7.91624188423156738281e-08	8.66129994392395019531e-08	1.69500708580017089844e-07	1.15483999252319335938e-07	1.15483999252319335938e-07	1.59256160259246826172e-07	1.59256160259246826172e-07	1.04308128356933593750e-07	1.59256160259246826172e-07	1.04308128356933593750e-07	1.33179128170013427734e-07	8.38190317153930664062e-08	0.00000000000000000000e+00	1.35973095893859863281e-07	9.59262251853942871094e-08	7.63684511184692382812e-08	1.08033418655395507812e-07	9.87201929092407226562e-08	1.67638063430786132812e-07	1.00582838058471679688e-07	1.52736902236938476562e-07	1.35973095893859863281e-07	1.28522515296936035156e-07	
1.16415321826934814453e-07	8.10250639915466308594e-08	1.32247805595397949219e-07	1.49011611938476562500e-07	1.12690031528472900391e-07	1.00582838058471679688e-07	7.45058059692382812500e-08	9.31322574615478515625e-08	1.68569386005401611328e-07	9.96515154838562011719e-08	1.67638063430786132812e-07	1.71363353729248046875e-07	1.28522515296936035156e-07	7.91624188423156738281e-08	8.66129994392395019531e-08	1.69500708580017089844e-07	1.15483999252319335938e-07	1.15483999252319335938e-07	1.59256160259246826172e-07	1.59256160259246826172e-07	1.04308128356933593750e-07	1.59256160259246826172e-07	1.04308128356933593750e-07	1.33179128170013427734e-07	8.38190317153930664062e-08	1.35973095893859863281e-07	0.00000000000000000000e+00	9.59262251853942871094e-08	7.63684511184692382812e-08	1.08033418655395507812e-07	9.87201929092407226562e-08	1.67638063430786132812e-07	1.00582838058471679688e-07	1.52736902236938476562e-07	1.35973095893859863281e-07	1.28522515296936035156e-07	
1.26659870147705078125e-07	1.33179128170013427734e-07	1.09896063804626464844e-07	5.40167093276977539062e-08	1.93715095520019531250e-07	1.53668224811553955078e-07	1.55530869960784912109e-07	1.62981450557708740234e-07	1.26659870147705078125e-07	1.99303030967712402344e-07	1.64844095706939697266e-07	1.29453837871551513672e-07	1.31316483020782470703e-07	1.48080289363861083984e-07	1.47148966789245605469e-07	1.28522515296936035156e-07	2.01165676116943359375e-07	1.26659870147705078125e-07	3.81842255592346191406e-08	3.81842255592346191406e-08	8.84756445884704589844e-08	3.81842255592346191406e-08	8.84756445884704589844e-08	9.31322574615478515625e-08	1.04308128356933593750e-07	9.59262251853942871094e-08	9.59262251853942871094e-08	0.00000000000000000000e+00	1.64844095706939697266e-07	8.94069671630859375000e-08	2.07684934139251708984e-07	5.21540641784667968750e-08	1.53668224811553955078e-07	9.96515154838562011719e-08	7.63684511184692382812e-08	9.31322574615478515625e-08	
1.64844095706939697266e-07	1.32247805595397949219e-07	1.44354999065399169922e-07	9.49949026107788085938e-08	1.85333192348480224609e-07	1.43423676490783691406e-07	1.68569386005401611328e-07	1.35973095893859863281e-07	1.71363353729248046875e-07	9.96515154838562011719e-08	1.35973095893859863281e-07	1.73225998878479003906e-07	1.69500708580017089844e-07	7.07805156707763671875e-08	9.77888703346252441406e-08	1.72294676303863525391e-07	8.56816768646240234375e-08	1.00582838058471679688e-07	2.42143869400024414062e-08	2.42143869400024414062e-08	1.85333192348480224609e-07	2.42143869400024414062e-08	1.85333192348480224609e-07	1.99303030967712402344e-07	1.22934579849243164062e-07	7.63684511184692382812e-08	7.63684511184692382812e-08	1.64844095706939697266e-07	0.00000000000000000000e+00	1.87195837497711181641e-07	1.41561031341552734375e-07	8.94069671630859375000e-08	1.23865902423858642578e-07	2.06753611564636230469e-07	1.95577740669250488281e-07	1.96509063243865966797e-07	
1.76951289176940917969e-07	1.00582838058471679688e-07	1.01514160633087158203e-07	1.56462192535400390625e-07	1.74157321453094482422e-07	1.12690031528472900391e-07	2.03028321266174316406e-07	7.91624188423156738281e-08	6.42612576484680175781e-08	1.56462192535400390625e-07	1.35973095893859863281e-07	6.61239027976989746094e-08	5.86733222007751464844e-08	2.07684934139251708984e-07	1.35041773319244384766e-07	6.42612576484680175781e-08	8.10250639915466308594e-08	1.09896063804626464844e-07	1.73225998878479003906e-07	1.73225998878479003906e-07	1.08033418655395507812e-07	1.73225998878479003906e-07	1.08033418655395507812e-07	7.82310962677001953125e-08	6.33299350738525390625e-08	1.08033418655395507812e-07	1.08033418655395507812e-07	8.94069671630859375000e-08	1.87195837497711181641e-07	0.00000000000000000000e+00	1.60187482833862304688e-07	8.10250639915466308594e-08	1.42492353916168212891e-07	1.05239450931549072266e-07	1.21071934700012207031e-07	1.09896063804626464844e-07	
1.36904418468475341797e-07	1.51805579662322998047e-07	1.63912773132324218750e-07	1.93715095520019531250e-07	8.75443220138549804688e-08	8.94069671630859375000e-08	1.24797224998474121094e-07	1.81607902050018310547e-07	4.47034835815429687500e-08	9.68575477600097656250e-08	1.17346644401550292969e-07	4.56348061561584472656e-08	1.35041773319244384766e-07	1.52736902236938476562e-07	1.29453837871551513672e-07	4.47034835815429687500e-08	1.28522515296936035156e-07	1.25728547573089599609e-07	1.67638063430786132812e-07	1.67638063430786132812e-07	1.55530869960784912109e-07	1.67638063430786132812e-07	1.55530869960784912109e-07	1.05239450931549072266e-07	1.76019966602325439453e-07	9.87201929092407226562e-08	9.87201929092407226562e-08	2.07684934139251708984e-07	1.41561031341552734375e-07	1.60187482833862304688e-07	0.00000000000000000000e+00	1.36904418468475341797e-07	1.12690031528472900391e-07	1.10827386379241943359e-07	1.08033418655395507812e-07	8.47503542900085449219e-08	
5.40167093276977539062e-08	1.62981450557708740234e-07	1.53668224811553955078e-07	1.62981450557708740234e-07	5.86733222007751464844e-08	1.51805579662322998047e-07	5.40167093276977539062e-08	1.01514160633087158203e-07	9.87201929092407226562e-08	1.18277966976165771484e-07	9.96515154838562011719e-08	1.01514160633087158203e-07	1.54599547386169433594e-07	1.73225998878479003906e-07	1.66706740856170654297e-07	1.00582838058471679688e-07	8.94069671630859375000e-08	1.49942934513092041016e-07	1.29453837871551513672e-07	1.29453837871551513672e-07	8.00937414169311523438e-08	1.29453837871551513672e-07	8.00937414169311523438e-08	7.17118382453918457031e-08	1.00582838058471679688e-07	1.67638063430786132812e-07	1.67638063430786132812e-07	5.21540641784667968750e-08	8.94069671630859375000e-08	8.10250639915466308594e-08	1.36904418468475341797e-07	0.00000000000000000000e+00	1.29453837871551513672e-07	1.02445483207702636719e-07	1.29453837871551513672e-07	1.38767063617706298828e-07	
1.43423676490783691406e-07	1.32247805595397949219e-07	1.22934579849243164062e-07	1.79745256900787353516e-07	5.02914190292358398438e-08	1.76951289176940917969e-07	1.05239450931549072266e-07	1.61118805408477783203e-07	9.87201929092407226562e-08	8.56816768646240234375e-08	8.94069671630859375000e-08	1.00582838058471679688e-07	1.97440385818481445312e-07	1.48080289363861083984e-07	2.30967998504638671875e-07	9.96515154838562011719e-08	1.12690031528472900391e-07	1.24797224998474121094e-07	1.25728547573089599609e-07	1.25728547573089599609e-07	1.39698386192321777344e-07	1.25728547573089599609e-07	1.39698386192321777344e-07	1.10827386379241943359e-07	1.60187482833862304688e-07	9.96515154838562011719e-08	9.96515154838562011719e-08	1.53668224811553955078e-07	1.23865902423858642578e-07	1.42492353916168212891e-07	1.12690031528472900391e-07	1.29453837871551513672e-07	0.00000000000000000000e+00	1.49942934513092041016e-07	8.94069671630859375000e-08	1.00582838058471679688e-07	
1.05239450931549072266e-07	9.22009348869323730469e-08	1.78813934326171875000e-07	1.36904418468475341797e-07	1.16415321826934814453e-07	3.07336449623107910156e-08	1.55530869960784912109e-07	1.08033418655395507812e-07	1.32247805595397949219e-07	6.98491930961608886719e-08	8.38190317153930664062e-08	1.34110450744628906250e-07	1.38767063617706298828e-07	1.49011611938476562500e-07	1.08033418655395507812e-07	1.33179128170013427734e-07	1.88127160072326660156e-07	1.08033418655395507812e-07	1.21071934700012207031e-07	1.21071934700012207031e-07	1.03376805782318115234e-07	1.21071934700012207031e-07	1.03376805782318115234e-07	1.86264514923095703125e-07	8.56816768646240234375e-08	1.52736902236938476562e-07	1.52736902236938476562e-07	9.96515154838562011719e-08	2.06753611564636230469e-07	1.05239450931549072266e-07	1.10827386379241943359e-07	1.02445483207702636719e-07	1.49942934513092041016e-07	0.00000000000000000000e+00	8.75443220138549804688e-08	1.02445483207702636719e-07	
1.64844095706939697266e-07	1.77882611751556396484e-07	6.98491930961608886719e-08	1.08964741230010986328e-07	8.10250639915466308594e-08	1.15483999252319335938e-07	1.07102096080780029297e-07	1.88127160072326660156e-07	1.35041773319244384766e-07	1.46217644214630126953e-07	1.65775418281555175781e-07	1.36904418468475341797e-07	1.21071934700012207031e-07	8.28877091407775878906e-08	1.09896063804626464844e-07	1.35973095893859863281e-07	1.10827386379241943359e-07	1.49942934513092041016e-07	9.77888703346252441406e-08	9.77888703346252441406e-08	1.21071934700012207031e-07	9.77888703346252441406e-08	1.21071934700012207031e-07	8.38190317153930664062e-08	6.33299350738525390625e-08	1.35973095893859863281e-07	1.35973095893859863281e-07	7.63684511184692382812e-08	1.95577740669250488281e-07	1.21071934700012207031e-07	1.08033418655395507812e-07	1.29453837871551513672e-07	8.94069671630859375000e-08	8.75443220138549804688e-08	0.00000000000000000000e+00	1.70432031154632568359e-07	
9.03382897377014160156e-08	1.89058482646942138672e-07	1.88127160072326660156e-07	1.37835741043090820312e-07	1.07102096080780029297e-07	1.93715095520019531250e-07	1.45286321640014648438e-07	8.94069671630859375000e-08	1.26659870147705078125e-07	9.87201929092407226562e-08	6.98491930961608886719e-08	1.29453837871551513672e-07	1.47148966789245605469e-07	8.66129994392395019531e-08	1.62981450557708740234e-07	1.27591192722320556641e-07	7.82310962677001953125e-08	1.91852450370788574219e-07	9.59262251853942871094e-08	9.59262251853942871094e-08	1.05239450931549072266e-07	9.59262251853942871094e-08	1.05239450931549072266e-07	1.04308128356933593750e-07	1.79745256900787353516e-07	1.28522515296936035156e-07	1.28522515296936035156e-07	9.31322574615478515625e-08	1.96509063243865966797e-07	1.09896063804626464844e-07	8.47503542900085449219e-08	1.38767063617706298828e-07	1.00582838058471679688e-07	1.02445483207702636719e-07	1.70432031154632568359e-07	0.00000000000000000000e+00	
